mid_to_a mid_to_b water_to_b aggressive_a
6 0.8
629.318970 -723.825867 2.031250 10.230036 38.569324 0.000000
744.031250 740.031250 -152.96875 -7.040009 -84.402885 0.000000 True
712.841125 19.029055 -152.96875 -12.715968 -67.961060 -0.000000 False
743.028564 -255.968750 -93.836861 -13.793947 -42.199112 0.000000 False
1493.968628 -22.968750 -0.96875 3.718129 -127.479256 0.000000 False
1487.968750 571.968689 41.03125 3.806116 -101.343048 0.000000 False
1315.919434 157.169144 -0.8878940000000028 1.958103 -87.972885 0.000000 False
165.593750 32.186981 -152.96875 -6.797909 24.629934 0.000000 False
476.258514 137.086166 -149.96875 -8.117877 26.895521 0.000000 False
517.667114 56.331081 -152.96875 -8.953882 33.033550 0.000000 False
1194.031616 934.685059 -152.96875 -16.169865 -80.068130 0.000000 False
1114.944702 136.028656 -149.96875 -0.703837 79.423744 0.000000 False
1521.901489 976.042480 -146.96875 1.122161 -148.928452 0.000000 False
1557.944702 800.031433 -152.96875 0.022161 173.450653 0.000000 False
1803.970093 1220.077759 -107.96875 4.290171 -139.644928 0.000000 False
1803.968628 1255.031250 -146.96875 -0.505827 -135.443008 0.000000 True
1461.380127 1162.971313 -146.96875 0.946174 -89.009056 0.000000 False
1690.195923 1830.803345 -80.882385 4.224186 -99.349358 0.000000 False
1527.979858 2253.514648 -152.96875 -0.795234 -84.947418 -0.000000 False
1203.273560 2010.836304 -192.96875 -2.925583 -54.329689 0.000000 False
1009.474243 2247.097656 -40.96875 5.324424 -53.171211 0.000000 False
918.531006 2167.328613 -40.96875 5.500435 -46.769203 0.000000 False
1052.714966 2064.095459 -152.96875 1.364013 -48.220230 0.000000 False
1051.028076 1918.604858 -192.96875 -3.563573 -38.145367 -0.000000 False
764.908936 1661.688477 -68.503456 3.691274 -1.854728 0.000000 True
650.462097 1320.485352 -88.96875 -0.928754 28.990953 0.000000 False
992.938965 1256.983521 -88.96875 5.297246 46.643066 0.000000 False
1220.875488 1432.031250 -148.172302 0.457243 58.083221 0.000000 False
845.143311 -525.466492 -22.96875
985.909912 -389.121704 -22.96875
1394.512939 -363.792114 -22.96875
1394.563232 -102.162354 -19.070663000000003
1396.295044 -52.448547 9.031257999999994
1397.981445 493.559296 9.03125
1274.229492 527.717590 11.03125
1259.968384 530.549316 -26.96875
1258.428833 559.777100 -66.96875
1256.582153 592.337891 -66.96875
1254.147949 606.067322 -106.96875
1214.033325 687.122986 -142.173538
1203.997314 747.986755 -142.19259599999998
1224.012695 857.546448 -142.96875
1500.554688 874.367126 -142.96875
1667.203247 986.078613 -142.96875
1679.496582 1510.866577 -142.96875
1419.833862 1727.110718 -142.96875