water_to_b a_main b_main mid_to_a mid_to_b
5 1
1708.104004 1302.153076 -147.968750 2.419996 -112.080032 -0.000000
1228.708008 781.343262 -152.96875 -0.374025 32.918098 0.000000 False
732.031311 520.031250 -152.96875 -0.550001 29.114126 0.000000 False
850.031250 934.968933 -189.833618 -4.443919 -11.453118 0.000000 False
536.428528 44.032181 -152.96875 -0.132000 47.968475 0.000000 False
743.030457 -91.002869 -95.471313 2.595989 61.322701 0.000000 False
1181.103027 136.028519 -146.96875 -0.616032 91.059189 0.000000 False
1324.027466 455.578308 -0.96875 21.075974 122.752701 0.000000 False
1067.968750 934.968689 -189.833618 -7.832019 -38.463264 0.000000 False
1251.968750 329.968750 -146.96875 0.307979 172.714508 0.000000 False
857.238525 -286.297852 -39.447159 11.792032 91.974907 0.000000 False
477.772247 136.209961 -149.96875 1.980023 30.559662 0.000000 False
-789.968750 52.031372 -94.95815999999999 2.640055 8.477886 0.000000 False
-51.377686 271.422424 -0.629486 11.154045 -1.554152 0.000000 False
-446.780212 305.968384 -120.96875 1.496019 -2.830145 0.000000 False
128.031250 355.969238 -116.96875 4.268032 -13.786156 0.000000 False
1518.539795 903.931091 -142.96875
1457.918823 868.480164 -142.96875
1194.876587 865.914856 -142.96875
1143.628662 751.414490 -142.967163
818.458740 227.485809 -136.96875
676.558472 89.547050 -142.96875
450.479584 53.484539 -142.96875