b_main mid_to_a mid_to_b water_to_b
6 1
-910.157776 828.943970 29.011719 7.788118 -147.420319 0.000000
-1885.389404 182.995529 57.03125 3.344005 38.380936 0.000000 False
-1851.967529 -25.891968 31.03125 1.319996 49.636211 0.000000 False
-1723.835327 -101.892456 31.03125 3.608003 66.972153 0.000000 False
-1793.998779 445.957092 57.03125 13.486023 -43.870811 0.000000 False
-1469.162598 -326.590027 97.87771599999999 8.140001 101.292557 0.000000 False
-1228.127319 -585.961609 94.94503800000001 5.170013 114.309250 0.000000 False
-789.396790 -604.548462 72.835083 2.354037 133.912552 0.000000 False
-1016.031250 69.968719 17.321602 0.880038 178.828110 0.000000 False
-1267.967896 -308.335938 2.945235999999994 -0.417709 89.957001 0.000000 False
-1159.968506 -649.114624 63.03125 3.388103 93.964569 0.000000 False
-988.566162 -1122.392090 63.03125 4.466102 93.920441 0.000000 False
-1222.967041 -984.988647 63.03125 0.880102 46.576481 0.000000 False
-605.000000 -630.955811 63.03125 1.958113 167.172699 0.000000 False
-1089.104980 828.150024 5.03125
-1231.739502 760.467407 9.03125
-1658.747681 255.971771 9.536934000000002
-1095.831543 -279.676270 9.139778000000007