mid_to_b water_to_b aggressive_a aggressive_b
8 0.75
-361.479248 -1548.610840 2.031250 1.825867 147.881363 0.000000
-1048.037964 -494.476929 1.8980260000000015 -4.575871 -87.976990 0.000000 False
-1016.033325 27.412306 0.5619429999999994 -2.419896 -89.451118 0.000000 False
-138.092590 18.783239 -0.7961810000000042 -2.133905 -130.495102 0.000000 False
-606.010559 -584.054688 63.03125 -0.219906 -130.715088 0.000000 False
-1181.448608 -485.403931 99.64622499999999 3.520098 -65.009102 0.000000 False
-1801.355469 438.600555 57.03125 -0.219863 -58.219284 0.000000 False
-1449.607056 -366.345337 99.758072 2.090097 -45.209259 0.000000 False
86.637184 -244.031494 -0.32055699999999376 -3.739859 -158.099197 0.000000 False
-1971.861572 267.906006 57.03125 -1.319824 -40.045647 0.000000 False
-1266.493164 -316.291504 2.929901000000001 -5.037868 -43.236305 0.000000 False
-1851.968506 -146.980103 31.03125 0.616173 -1.479643 0.000000 False
-1529.077271 747.025391 37.03125 2.508171 -95.947578 0.000000 False
-1236.943726 906.096375 -0.96875 -0.725830 -119.919464 0.000000 False
-961.356689 1066.294189 34.03125 0.286172 -127.647621 0.000000 False
-827.894287 1169.993774 35.03125 1.034172 -129.745285 0.000000 False
-1114.865479 811.173584 -4.96875 -0.483827 -129.870209 0.000000 False
-892.943665 659.272156 -4.599159 -1.011831 -154.620270 0.000000 False
-694.785583 689.963928 37.03125 1.672179 -159.350830 0.000000 False
-653.512756 566.257996 37.03125 1.408179 -167.513000 0.000000 False
-1080.454834 403.300873 -23.393065999999997 -3.079815 -175.542801 0.000000 False
-1599.968506 658.400024 37.03125 6.160300 -73.184944 0.000000 False
-1082.022949 306.837341 -23.96875 -3.321709 164.612518 0.000000 False
-1298.114502 262.158356 -6.390270000000001 -0.593702 137.662689 0.000000 False
-497.648682 127.453453 -120.96875 -8.601720 148.969269 -0.000000 False
-596.031250 419.968781 -71.742668 -4.971682 -169.217773 0.000000 False
-1076.660889 1486.973145 -31.96875 -2.155705 -105.964729 0.000000 False
-1134.953247 1798.507568 47.03125 1.452296 -97.216751 0.000000 False
-1277.964844 1646.199951 47.03125 2.046000 -87.075897 0.000000 False
-581.441895 947.277161 38.117844000000005 2.134299 -140.072800 0.000000 False
-1332.967407 991.252136 -0.932738999999998 1.034275 -66.513023 0.000000 False
-1013.968201 1146.201782 34.03125 -0.373934 -81.486084 0.000000 False
-704.968750 496.902740 37.926734999999994 0.660274 107.542480 0.000000 False
-789.931152 52.031494 -94.958229 -5.807882 91.125908 0.000000 False
-885.053162 -1254.885132 44.079605
-938.764648 -1232.651123 74.42871099999999
-1087.173340 -1018.218018 73.03125
-920.852112 -583.986816 73.03125
-981.683472 -505.564514 13.6875
-1178.973877 -102.010864 8.240105
-1434.742065 9.625536 9.508101999999994
-1659.819702 254.729126 9.782927999999998
-1438.702271 485.149292 9.03125
-1221.634399 521.947510 9.03125
-1215.754395 850.006165 9.03125
-1001.219421 856.807922 12.206665000000001
-871.032043 732.836548 12.571410999999998
-880.089539 460.513977 9.455521000000005
-876.411560 375.224121 -41.447365
-872.554688 340.810120 -46.96875
-752.560120 341.824677 -46.96875