b_main water_to_b mid_to_a a_main aggressive_a aggressive_b
7 0.65
-617.816223 -516.206604 78.031250 13.794003 40.232063 0.000000
-6.373291 460.537109 -0.5674360000000007 -0.065985 -109.917862 0.000000 False
3.289948 825.978455 -0.7605130000000031 -0.461986 -102.291748 0.000000 False
-127.926453 875.373535 -0.7334589999999963 -0.791987 -94.195839 0.000000 False
280.519836 663.089417 -31.794860999999997 -3.542000 -143.784561 0.000000 False
365.967255 433.468597 -25.974379999999996 -3.432000 -179.270935 0.000000 False
391.968384 1477.014160 -6.621699999999997 -0.615998 -118.669205 0.000000 False
542.314697 1379.968750 -60.516445 -3.872021 -131.180023 -0.000000 False
335.968750 726.031311 -32.686047 -3.234031 173.541763 0.000000 False
128.377869 1513.120728 -32.959869 -0.593993 -91.760017 0.000000 False
94.028175 1092.912231 -32.96875 0.681975 -71.126457 0.000000 False
1093.781860 1494.808594 -144.235138 -7.546029 -160.636093 0.000000 False
988.393066 1252.437378 -88.96875 -4.840028 177.957458 0.000000 False
-137.105103 1669.597778 26.03125 7.809942 -32.287983 0.000000 False
-170.869873 1477.458740 26.03125 11.329933 7.885220 0.000000 False
-317.814819 1973.302246 24.565758000000002 -0.000055 -59.428440 0.000000 False
-413.756714 1184.022949 59.03125 7.083909 48.868874 0.000000 False
-152.031799 2437.001953 61.03125 4.905872 -90.932663 0.000000 False
-305.254761 1005.031799 59.03125 3.563912 71.969109 0.000000 False
-160.031311 1005.031250 59.03125 2.385999 90.625130 0.000000 False
-475.968750 1324.968750 151.031265 21.064024 2.470780 0.000000 False
-884.936890 1071.098145 34.03125 -2.035985 13.976328 0.000000 False
-980.295410 1183.662964 34.03125 -1.573985 0.511814 0.000000 False
-1550.170776 672.761230 37.03125 -0.121989 30.277584 0.000000 False
-1873.682861 170.378128 57.03125 1.374016 42.135674 0.000000 False
-1209.443359 696.402283 -2.7490730000000028 -3.025973 47.520607 0.000000 False
-1588.643799 219.272110 -0.7629170000000016 -1.441985 52.110104 0.000000 False
-982.186096 599.920166 -4.462288000000001 -3.949944 76.332886 -0.000000 False
-858.916443 349.927948 -56.96875 -7.425941 91.424965 0.000000 False
-704.968689 496.915009 37.647400000000005 -0.737959 108.474899 0.000000 False
-578.878845 496.915161 37.65451 -0.121959 121.894844 0.000000 False
-1329.105347 900.031372 -0.96875 -4.191971 13.245088 0.000000 False
-578.914307 947.230469 37.040313999999995 0.164031 -173.548874 0.000000 False
-1330.707886 1268.999268 0.12213099999999599 -2.651986 -44.878887 0.000000 False
-1173.059814 250.030273 -20.492409000000002 -4.257982 61.161060 0.000000 False
-1276.989990 1645.735229 47.03125 3.288075 -76.071030 0.000000 False
-1143.773926 1794.179565 47.03125 2.342080 -90.481163 0.000000 False
-1063.907959 1563.969604 -31.96875 -1.881922 -101.459045 0.000000 False
-1713.721191 -96.032043 31.03125 2.605959 68.202774 0.000000 False
-1309.226318 -494.135742 95.03125 5.993922 112.387932 0.000000 False
-1794.001343 445.954468 57.03125 13.869938 -44.648464 0.000000 False
-1441.251099 109.960838 -0.96875 -0.188036 140.406967 0.000000 False
-316.783447 -278.686401 9.264304999999993
-129.260315 -96.794922 9.173057999999997
-94.157715 541.639893 9.254929000000004
-85.657898 811.262573 9.266541000000004
65.293701 822.904724 9.743758999999997
123.785355 826.821228 -20.836910000000003
233.967178 915.798706 -22.96875
236.821304 1564.124756 -22.96875
10.018292 1566.726440 -18.362885
-78.523315 1567.239868 33.748833000000005
-134.185913 1559.838501 36.03125
-215.241333 1458.411377 36.03125
-216.576050 1371.014282 68.126671
-245.365845 1113.255737 69.595459
-536.214783 1122.332397 65.864967
-593.050720 1119.915771 41.640793
-899.506897 1115.138428 44.03125
-963.831116 919.307739 44.03125
-1020.299011 884.351929 13.122314000000003
-1715.333252 227.332855 8.032093000000003