mid_to_b water_to_b a_main aggressive_a aggressive_b
8 0.75
281.391052 -586.709534 2.031250 2.838001 129.960892 0.000000
-151.792114 724.982239 -0.7334589999999963 0.153903 -81.561577 0.000000 False
-17.755920 754.379028 -0.7334589999999963 0.043904 -90.889313 0.000000 False
-16.091675 452.580383 -0.7334589999999963 -0.726088 -91.931946 0.000000 False
280.519836 663.089417 -31.794860999999997 -3.542000 -143.784561 0.000000 False
365.967255 433.468597 -25.974379999999996 -3.432000 -179.270935 0.000000 False
391.968384 1477.014160 -6.621699999999997 -0.615998 -118.669205 0.000000 False
542.314697 1379.968750 -60.516445 -3.872021 -131.180023 -0.000000 False
335.968750 726.031311 -32.686047 -3.234031 173.541763 0.000000 False
128.377869 1513.120728 -32.959869 -0.593993 -91.760017 0.000000 False
94.028175 1092.912231 -32.96875 0.681975 -71.126457 0.000000 False
1093.781860 1494.808594 -144.235138 -7.546029 -160.636093 0.000000 False
988.393066 1252.437378 -88.96875 -4.840028 177.957458 0.000000 False
-137.105103 1669.597778 26.03125 7.809942 -32.287983 0.000000 False
1397.993042 1640.738037 -152.96875 -6.402011 -156.509430 0.000000 False
1678.599365 1850.472656 -84.474884 -2.156011 -152.475174 0.000000 False
1597.968750 2092.976807 -102.46875 -2.001989 -139.495316 0.000000 False
1531.853882 2253.831543 -152.967041 -4.311988 -131.165573 0.000000 False
889.846924 2154.371094 -40.96875 2.970102 -100.747887 0.000000 False
735.168701 1912.908447 -40.96875 3.982105 -89.879555 0.000000 False
1051.245850 2306.178467 -40.96875 2.011943 -101.671516 0.000000 False
1066.042847 1551.998657 -151.64949000000001 -12.420085 -128.026627 0.000000 True
1288.246094 1932.241089 -192.96875 -8.812013 -162.345703 0.000000 False
1269.031250 2255.507324 -152.3535 -3.114088 -100.988693 0.000000 False
1726.888428 1736.727295 -117.81089 -2.366150 -169.320053 0.000000 False
1197.725708 2032.569946 -192.96875 -9.494145 -129.940094 0.000000 False
412.061646 2129.933838 -120.96875 -10.132130 -36.791019 0.000000 True
332.952087 1988.100098 -120.96875 -11.386139 -13.625110 0.000000 True
435.031250 1792.979126 -39.96875 -1.200119 19.154919 0.000000 False
623.968384 1796.377808 -39.96875 -0.540119 49.932980 0.000000 False
1674.563354 1350.911377 -152.96875 -4.874034 131.940323 0.000000 False
900.830566 1717.209839 -152.96875 -13.630032 75.108902 0.000000 True
1803.968750 1132.298828 -146.96875 -3.246047 123.197891 0.000000 True
1560.092896 1155.750366 -146.96875 -0.210046 79.109589 0.000000 False
1429.031372 1162.615601 -145.919418 0.845957 4.221690 0.000000 False
103.782639 -392.828003 9.266541000000004
-105.881409 -217.465210 9.119552999999996
-88.916260 725.691162 9.266541000000004
62.575764 819.347351 11.03125
116.701408 840.026978 -19.806934
236.756836 931.863586 -22.96875
257.235199 1284.195679 -22.845256999999997
493.202423 1295.928711 -22.96875
585.382629 1310.107056 -76.211594
819.188293 1329.264526 -78.96875
799.705566 1623.487305 -77.40186299999999
795.296021 1713.264771 -30.96875
842.130310 2082.253906 -30.96875
976.749023 2202.697998 -30.96875
1029.626709 2137.357910 -30.097755
1056.303833 2111.625244 -86.96875
1229.766235 2133.965088 -142.96875
1238.396973 2095.967285 -182.96875
1327.407959 1982.085815 -180.775604
1391.728882 1909.311523 -142.96875
1440.424683 1745.074585 -142.96875
1660.625977 1498.372192 -142.96875
1663.683960 1076.180298 -142.96875