1440.356812 310.269775 51.410294 0.000000 0.000000 0.000000
2036.740356 -8.165103 53.962589 0.000000 0.000000 0.000000
1963.295044 -611.821167 54.818249 0.000000 0.000000 0.000000
1482.509888 -872.853821 55.306667 0.000000 0.000000 0.000000
1796.289063 -1010.462036 54.181065 0.000000 0.000000 0.000000
2220.461182 -1483.503784 57.504009 0.000000 0.000000 0.000000
2570.173584 -1612.196167 49.483143 0.000000 0.000000 0.000000
2484.567139 -1046.147705 53.548023 0.000000 0.000000 0.000000
3085.924316 -1506.488892 54.805435 0.000000 0.000000 0.000000
3131.335693 -82.412575 55.755188 0.000000 0.000000 0.000000
2336.610107 258.862549 50.839691 0.000000 0.000000 0.000000
3186.250977 -439.151123 51.538101 0.000000 0.000000 0.000000
1471.032104 -1664.091187 55.265221 0.000000 0.000000 0.000000
856.165222 -133.770172 55.329227 0.000000 0.000000 0.000000
1236.226929 381.844177 52.382458 0.000000 0.000000 0.000000
