1410.370728 1817.259033 149.702469 0.000000 0.000000 0.000000
1438.664917 -525.014893 59.736294 0.000000 0.000000 0.000000
871.188110 1853.168213 -444.643829 0.000000 0.000000 0.000000
-694.988708 1209.164795 -126.431473 0.000000 0.000000 0.000000
213.129135 675.622437 -159.932281 0.000000 0.000000 0.000000
496.254425 -113.445839 341.916016 0.000000 0.000000 0.000000
422.209839 993.163879 82.583611 0.000000 0.000000 0.000000
745.251038 1225.915283 -167.035919 0.000000 0.000000 0.000000
-598.306335 747.577209 91.394897 0.000000 0.000000 0.000000
904.506348 1824.055908 -449.988678 0.000000 0.000000 0.000000
