861.781250 654.495972 -255.968750 0.000000 -156.390381 0.000000
462.104828 236.797073 -255.968750 0.000000 139.092407 0.000000
-192.018356 663.034851 -255.968750 0.000000 -67.741699 0.000000
-489.161560 666.005676 -255.968750 0.000000 -41.709595 0.000000
-489.595673 319.012817 -255.968750 0.000000 8.025513 0.000000
-524.877625 197.966156 -255.968750 0.000000 -53.964844 0.000000
-532.407837 -295.127625 -255.968750 0.000000 26.531982 0.000000
-519.072083 -647.993408 -255.968750 0.000000 20.484009 0.000000
-145.776627 -99.053825 -255.968750 0.000000 -40.556030 0.000000
474.874237 -135.866882 -255.968750 0.000000 -147.821045 0.000000
483.279663 -589.591614 -255.968750 0.000000 -34.194946 0.000000
912.318909 158.980011 -255.968750 0.000000 -170.095825 0.000000
614.504333 -154.279434 -255.968750 0.000000 57.974854 0.000000
764.738586 -787.681824 -255.968750 0.000000 152.600098 0.000000
825.119690 -1225.010864 -255.968750 0.000000 137.092896 0.000000
352.175476 -1217.027832 -255.968750 0.000000 136.093140 0.000000
43.502239 -1217.825928 -255.968750 0.000000 57.535400 0.000000
-155.205841 -839.534607 -255.968750 0.000000 -166.750488 0.000000
-439.113556 -1201.763184 -255.968750 0.000000 71.048584 0.000000
-531.190125 -814.505005 -63.968750 0.000000 -13.018799 0.000000
51.468365 -1015.657410 -127.968750 0.000000 75.097046 0.000000
535.199158 -1225.067139 -127.968750 0.000000 26.515503 0.000000
846.075684 -1233.370972 -127.968750 0.000000 93.762817 0.000000
839.282532 -499.529572 -127.968750 0.000000 -111.379395 0.000000
905.133301 -35.208687 -127.968750 0.000000 158.071289 0.000000
660.316406 -181.105911 -79.968750 0.000000 50.020752 0.000000
427.192993 70.240379 -127.968750 0.000000 158.334961 0.000000
10.664243 50.789368 -175.968750 0.000000 49.125366 0.000000
-496.947571 144.039795 -95.968750 0.000000 21.307983 0.000000
-486.982483 -245.248428 -95.968750 0.000000 -32.156982 0.000000
-619.242737 -1313.408203 160.031250 0.000000 37.507324 0.000000
-42.867908 -1324.397583 160.031250 0.000000 52.910156 0.000000
-36.034916 -733.113342 160.031250 0.000000 53.437500 0.000000
-614.180786 -745.659851 160.031250 0.000000 43.077393 0.000000
-620.488342 -35.283436 160.031250 0.000000 -3.817749 0.000000
-614.502991 805.287964 160.031250 0.000000 -46.461182 0.000000
88.885353 814.547485 160.031250 0.000000 -97.091675 0.000000
969.927734 811.343811 160.031250 0.000000 -131.165771 0.000000
988.274902 35.146767 160.031250 0.000000 -153.720703 0.000000
942.882935 -866.024414 160.031250 0.000000 145.854492 0.000000
945.724670 -1303.618286 160.031250 0.000000 121.091309 0.000000
491.793854 -1109.920044 0.031250 0.000000 118.251343 0.000000
984.307983 -906.508484 0.031250 0.000000 -150.408325 0.000000
976.031250 -1326.968750 0.031250 0.000000 94.751587 0.000000
989.824097 800.024902 0.031250 0.000000 -136.005249 0.000000
-588.816589 814.400269 0.031250 0.000000 -51.624756 0.000000
-619.804749 -61.098389 0.031250 0.000000 -3.043213 0.000000
-615.901855 -669.696716 0.031250 0.000000 33.859863 0.000000
-551.169556 -533.730774 -95.968750 0.000000 25.609131 0.000000
-351.645966 658.906677 -255.968750 0.000000 -162.833862 0.000000
