95.819847 479.618652 -319.968750 0.000000 -49.262695 0.000000
852.559448 400.319977 -319.968750 0.000000 -126.452637 0.000000
859.389160 -805.567810 -319.968750 0.000000 139.636230 0.000000
70.350349 -800.652893 -319.968750 0.000000 59.447021 0.000000
-718.257263 392.283600 64.031250 0.000000 -27.932739 0.000000
-726.051575 -246.270050 64.031250 0.000000 8.338623 0.000000
-390.366638 -603.192261 64.031250 0.000000 -31.085815 0.000000
-419.609955 -1093.653931 64.031250 0.000000 6.344604 0.000000
488.064087 -995.713257 64.031250 0.000000 -162.745972 0.000000
821.380798 -1030.918823 64.031250 0.000000 -10.898438 0.000000
1499.351807 -1095.761108 64.031250 0.000000 115.186157 0.000000
1728.057617 -820.643982 64.031250 0.000000 132.379761 0.000000
1378.981323 -624.400085 64.031250 0.000000 177.703857 0.000000
1735.684937 73.487556 64.031250 0.000000 153.462524 0.000000
1755.214844 439.564911 64.031250 0.000000 -164.729004 0.000000
864.863159 478.061798 64.031250 0.000000 -88.648682 0.000000
1027.551270 -64.167351 64.031250 0.000000 -165.097046 0.000000
648.566223 -362.071716 64.031250 0.000000 -116.411133 0.000000
534.318481 -851.882324 64.031250 0.000000 60.661011 0.000000
271.911469 19.654051 64.031250 0.000000 6.185303 0.000000
389.756500 452.238037 64.031250 0.000000 -26.515503 0.000000
-764.955505 246.965225 288.031250 0.000000 -7.058716 0.000000
-762.564026 -695.575378 288.031250 0.000000 20.017090 0.000000
-301.713959 -417.447662 288.031250 0.000000 10.074463 0.000000
421.059357 458.919128 288.031250 0.000000 -118.053589 0.000000
1271.815063 444.827362 288.031250 0.000000 -134.038696 0.000000
1285.432739 -155.479141 288.031250 0.000000 178.527832 0.000000
1689.151978 -563.717224 288.031250 0.000000 115.235596 0.000000
1700.514404 364.558319 288.031250 0.000000 -163.992920 0.000000
1631.924316 580.138611 640.031250 0.000000 -78.722534 0.000000
411.166504 723.522705 640.031250 0.000000 -85.720825 0.000000
-770.237488 747.023010 640.031250 0.000000 -55.958862 0.000000
-901.153809 282.643646 576.031250 0.000000 -17.572632 0.000000
-888.104492 -803.682495 576.031250 0.000000 23.746948 0.000000
-605.300964 -1290.036255 576.031250 0.000000 8.234253 0.000000
-640.108765 -1004.219543 640.031250 0.000000 90.263672 0.000000
660.766479 -1070.996216 640.031250 0.000000 104.721680 0.000000
1618.855469 -985.003357 640.031250 0.000000 120.124512 0.000000
1826.197144 -870.097656 576.031250 0.000000 127.485352 0.000000
1847.552734 -150.658707 576.031250 0.000000 -173.248901 0.000000
1674.880493 667.339172 776.031250 0.000000 -140.125122 0.000000
-733.400940 705.128784 776.031250 0.000000 -54.470215 0.000000
-740.800781 -1056.821777 776.031250 0.000000 36.227417 0.000000
1656.240479 -1054.845337 776.031250 0.000000 144.382324 0.000000
503.924866 -345.878662 648.031250 0.000000 -122.195435 0.000000
544.317871 -61.982254 648.031250 0.000000 44.252930 0.000000
634.766418 -60.843048 784.031250 0.000000 41.676636 0.000000
349.668793 -336.540527 784.031250 0.000000 -133.445435 0.000000
341.908630 -1061.152954 448.031250 0.000000 85.281372 0.000000
341.010162 655.227966 448.031250 0.000000 -96.465454 0.000000
