16.031250 -1507.522217 640.031250 0.000000 33.458862 0.000000
274.396454 -1526.880249 640.031250 0.000000 7.745361 0.000000
552.448425 -1519.572998 640.031250 0.000000 97.185059 0.000000
541.123474 -2035.650513 626.716003 0.000000 49.020996 0.000000
749.966858 -1967.968750 256.031250 0.000000 87.863159 0.000000
317.406189 -1964.090210 257.031250 0.000000 -95.619507 0.000000
80.031250 -2087.275391 256.031250 0.000000 54.316406 0.000000
152.713226 -1674.224365 320.031250 0.000000 41.226196 0.000000
477.871643 -1812.535767 257.031250 0.000000 48.477173 0.000000
804.844421 -1726.061768 257.031250 0.000000 44.115601 0.000000
1114.175537 -1838.058838 256.031250 0.000000 -81.595459 0.000000
1296.721191 -1803.131470 256.031250 0.000000 8.519897 0.000000
1364.926270 -1605.539429 256.031250 0.000000 117.762451 0.000000
1478.666748 -1925.931519 448.031250 0.000000 136.235962 0.000000
1188.298706 -1888.733765 448.031250 0.000000 121.882324 0.000000
1308.507813 -1643.506470 448.031250 0.000000 117.778931 0.000000
1286.057861 -1792.520630 128.031250 0.000000 -92.889404 0.000000
1308.906372 -1776.654907 128.031250 0.000000 26.147461 0.000000
1035.363403 -1723.965698 128.031250 0.000000 141.756592 0.000000
373.532562 -1795.566528 128.031250 0.000000 -135.318604 0.000000
208.960739 -1598.640625 128.031250 0.000000 -14.556885 0.000000
704.052368 -1447.391846 128.031250 0.000000 63.149414 0.000000
934.416016 -1366.222046 192.031250 0.000000 -178.275146 0.000000
668.266907 -1224.028198 256.031250 0.000000 -20.698242 0.000000
640.180786 -1464.985840 128.031250 0.000000 126.035156 0.000000
570.140259 -1123.970459 128.031250 0.000000 176.511841 0.000000
307.049377 -1407.704224 128.031250 0.000000 104.375610 0.000000
106.610703 -1175.013550 128.031250 0.000000 65.989380 0.000000
296.623871 -981.636292 128.031250 0.000000 102.112427 0.000000
231.816818 -1419.783569 320.031250 0.000000 -72.537231 0.000000
352.466614 -1308.293457 320.031250 0.000000 50.180054 0.000000
299.624847 -990.660889 320.031250 0.000000 92.872925 0.000000
429.662354 -878.365234 320.031250 0.000000 42.604980 0.000000
1284.232666 -880.373352 256.031250 0.000000 -117.581177 0.000000
796.463745 -744.162537 371.953674 0.000000 110.538940 0.000000
831.057068 -1051.514893 373.792389 0.000000 143.734131 0.000000
551.306030 -717.456116 216.616104 0.000000 70.806885 0.000000
828.812866 -482.645660 192.031250 0.000000 -94.817505 0.000000
1394.686768 -616.937927 128.031250 0.000000 125.013428 0.000000
1394.066040 -340.729431 128.031250 0.000000 -147.749634 0.000000
1489.586182 -234.349991 384.031250 0.000000 -144.926147 0.000000
1508.445068 -690.856445 384.031250 0.000000 163.806152 0.000000
585.051208 -225.011719 384.031250 0.000000 -88.714600 0.000000
48.414185 -267.473938 384.031250 0.000000 -47.334595 0.000000
21.209440 -911.370361 384.031250 0.000000 -32.876587 0.000000
1276.777222 -875.309875 128.031250 0.000000 90.153809 0.000000
