1280.016724 -1359.997437 0.031250 0.000000 0.000000 0.000000
1407.968750 -976.031250 0.031250 0.000000 0.000000 0.000000
1215.994873 -1359.968750 0.031250 0.000000 0.000000 0.000000
720.005615 -1359.968750 0.031250 0.000000 0.000000 0.000000
528.031250 -976.031250 0.031250 0.000000 0.000000 0.000000
655.968750 -1359.968750 0.031250 0.000000 0.000000 0.000000
528.031250 -399.968750 0.031250 0.000000 0.000000 0.000000
655.968750 -16.031250 0.031250 0.000000 0.000000 0.000000
720.003540 -16.031250 0.031250 0.000000 0.000000 0.000000
1215.968750 -16.031250 0.031250 0.000000 0.000000 0.000000
1407.968750 -399.968750 0.031250 0.000000 0.000000 0.000000
1280.031250 -16.031250 0.031250 0.000000 0.000000 0.000000
1372.547241 -911.968750 0.031250 0.000000 0.000000 0.000000
581.061768 -464.031250 0.031250 0.000000 0.000000 0.000000
463.968750 -296.547699 0.031250 0.000000 0.000000 0.000000
1472.031250 -1040.743408 0.031250 0.000000 0.000000 0.000000
1512.608154 -289.390198 112.031250 0.000000 0.000000 0.000000
439.006775 -1133.406616 112.031250 0.000000 0.000000 0.000000
1737.844849 -974.660645 0.031250 0.000000 0.000000 0.000000
244.142120 -384.695831 28.899008 0.000000 0.000000 0.000000
227.872238 -1110.262817 0.031250 0.000000 0.000000 0.000000
1699.449829 -277.430176 0.031250 0.000000 0.000000 0.000000
799.968750 -533.377319 0.031250 0.000000 0.000000 0.000000
590.527954 -911.992126 64.031250 0.000000 0.000000 0.000000
864.031250 -546.533508 0.031250 0.000000 0.000000 0.000000
1071.968750 -847.236328 0.031250 0.000000 0.000000 0.000000
463.968750 -1016.263611 0.031250 0.000000 0.000000 0.000000
1349.254272 -464.031250 0.031250 0.000000 0.000000 0.000000
1136.031250 -833.630066 0.031250 0.000000 0.000000 0.000000
1515.933960 -773.423096 112.031250 0.000000 0.000000 0.000000
426.208038 -631.698303 112.031250 0.000000 0.000000 0.000000
