-1379.041504 -21.404573 -593.791748 0.000000 0.000000 0.000000
-1372.424316 469.588806 -618.858887 0.000000 0.000000 0.000000
-1422.995972 941.522888 -623.965027 0.000000 0.000000 0.000000
-1112.704956 1319.956787 -623.494751 0.000000 0.000000 0.000000
-709.555847 1346.179199 -619.235168 0.000000 0.000000 0.000000
-205.501282 1422.360962 -632.134277 0.000000 0.000000 0.000000
200.968491 1459.911987 -620.203186 0.000000 0.000000 0.000000
484.211670 1281.653076 -636.700928 0.000000 0.000000 0.000000
1161.627075 1241.504150 -638.102539 0.000000 0.000000 0.000000
1366.595703 876.104065 -653.450134 0.000000 0.000000 0.000000
1374.864014 498.772247 -638.026306 0.000000 0.000000 0.000000
1457.550171 -1.649406 -653.133179 0.000000 0.000000 0.000000
1400.019287 -273.772278 -656.612854 0.000000 0.000000 0.000000
1428.249756 -590.741516 -656.348633 0.000000 0.000000 0.000000
1166.770142 -1211.075684 -649.233398 0.000000 0.000000 0.000000
724.099365 -1202.858154 -656.969910 0.000000 0.000000 0.000000
132.696365 -1306.383545 -657.068359 0.000000 0.000000 0.000000
-414.294495 -1472.519653 -633.467163 0.000000 0.000000 0.000000
-668.270935 -1257.833496 -651.234741 0.000000 0.000000 0.000000
-843.226624 -1365.473145 -652.932007 0.000000 0.000000 0.000000
-1160.589966 -909.558899 -640.967041 0.000000 0.000000 0.000000
-1275.822388 -560.938538 -644.776978 0.000000 0.000000 0.000000
-364.097015 -53.934238 -15.590009 0.000000 0.000000 0.000000
81.237511 397.836914 18.351999 0.000000 0.000000 0.000000
1574.739990 134.809723 -159.190552 0.000000 0.000000 0.000000
-133.017303 -1628.007690 -161.331314 0.000000 0.000000 0.000000
-1620.128906 127.758804 -170.854019 0.000000 0.000000 0.000000
-66.563171 1623.750244 -173.189423 0.000000 0.000000 0.000000
