-895.046692 1780.716187 1.031250 0.000000 -7.250977 0.000000
-437.096008 1924.188965 1.031250 0.000000 -110.835571 0.000000
-424.061279 1633.139526 1.031250 0.000000 156.198120 0.000000
-253.031906 1936.589722 1.031250 0.000000 -42.973022 0.000000
406.764435 1931.664917 1.031250 0.000000 -90.554810 0.000000
336.031250 1744.031250 1.031250 0.000000 31.371460 0.000000
420.959198 1109.195801 1.031250 0.000000 174.605713 0.000000
413.085205 732.620056 1.031250 0.000000 167.173462 0.000000
381.551056 115.576050 6.182585 0.000000 121.371460 0.000000
-108.352516 512.820740 1.031250 0.000000 41.715088 0.000000
-274.519562 801.154175 1.031250 0.000000 108.121948 0.000000
-841.954651 1051.753418 1.031250 0.000000 -40.028687 0.000000
-215.477219 1316.340088 1.031250 0.000000 49.509888 0.000000
-572.875305 1445.807739 1.031250 0.000000 -109.940186 0.000000
-925.688171 699.676697 1.031250 0.000000 -162.575684 0.000000
-1254.562134 497.394745 1.031250 0.000000 46.109619 0.000000
-1126.211548 141.558151 1.031250 0.000000 -4.674683 0.000000
-696.779114 220.247833 1.031250 0.000000 74.448853 0.000000
-262.300751 154.095688 1.031250 0.000000 110.994873 0.000000
115.864212 520.804138 128.031250 0.000000 132.659912 0.000000
268.167023 845.784668 192.031250 0.000000 95.586548 0.000000
144.007690 840.704834 192.031250 0.000000 -174.336548 0.000000
280.200684 1506.598389 192.031250 0.000000 -163.086548 0.000000
309.813293 1791.953857 192.031250 0.000000 170.727539 0.000000
-141.916946 1809.908813 192.031250 0.000000 -77.272339 0.000000
-486.302063 1967.968750 128.031250 0.000000 -84.600220 0.000000
-879.663818 1703.670654 128.031250 0.000000 -27.861328 0.000000
-445.717529 1682.031250 192.031250 0.000000 174.704590 0.000000
-921.140686 1482.298706 184.627792 0.000000 -10.041504 0.000000
-926.738586 1226.614380 134.414658 0.000000 64.511719 0.000000
-1028.259033 425.588440 120.031250 0.000000 -0.236206 0.000000
-928.887939 838.131409 376.031250 0.000000 -49.976807 0.000000
-671.267273 1192.640869 376.031250 0.000000 -2.642212 0.000000
-943.968750 1974.797241 403.238129 0.000000 -85.858154 0.000000
-652.262451 1608.840576 442.075439 0.000000 -42.951050 0.000000
-382.983063 1778.840942 397.195526 0.000000 -55.310669 0.000000
-80.184280 2021.323242 384.031250 0.000000 -76.080322 0.000000
473.690186 1928.330322 384.031250 0.000000 -147.062988 0.000000
490.610992 1172.244507 384.031250 0.000000 170.343018 0.000000
484.430969 610.784729 384.031250 0.000000 -149.111938 0.000000
240.358459 924.930725 384.031250 0.000000 146.052246 0.000000
160.037292 739.761108 370.288116 0.000000 -118.773193 0.000000
465.351563 32.513134 384.031250 0.000000 129.171753 0.000000
-268.455841 27.511267 384.031250 0.000000 90.840454 0.000000
-1032.575439 19.458508 384.031250 0.000000 56.508179 0.000000
-1376.433472 81.419861 384.031250 0.000000 34.107056 0.000000
-1361.199097 785.301758 384.031250 0.000000 -14.205322 0.000000
-306.683655 551.788452 192.031250 0.000000 88.829956 0.000000
-881.885071 278.139862 1.031250 0.000000 -12.277222 0.000000
-859.957336 1022.086792 1.031250 0.000000 -48.663940 0.000000
