559.968750 432.968750 384.031250 0.000000 -132.006226 0.000000
282.434479 431.317566 384.031250 0.000000 -102.667236 0.000000
-25.981602 428.169678 384.031250 0.000000 -90.521851 0.000000
-339.262817 431.407227 384.031250 0.000000 -91.889648 0.000000
-796.210022 413.479401 384.031250 0.000000 -44.197998 0.000000
-796.279236 118.783211 384.031250 0.000000 -6.921387 0.000000
-811.043274 -180.674820 384.031250 0.000000 -0.450439 0.000000
-793.553711 -568.012390 384.031250 0.000000 50.020752 0.000000
-787.417725 -785.715759 384.031250 0.000000 42.709351 0.000000
-547.652283 -792.588562 384.031250 0.000000 71.262817 0.000000
-211.119980 -808.281799 384.031250 0.000000 84.144287 0.000000
163.880310 -799.889893 384.031250 0.000000 96.657715 0.000000
522.736755 -795.744385 384.031250 0.000000 126.628418 0.000000
554.118896 -519.802002 384.031250 0.000000 164.168701 0.000000
552.224426 -192.842728 384.031250 0.000000 -172.111816 0.000000
545.717224 143.125519 384.031250 0.000000 174.528809 0.000000
495.968750 367.968750 267.031250 0.000000 -91.873169 0.000000
488.380188 31.477465 268.031250 0.000000 -163.976440 0.000000
347.485168 -170.412155 262.615570 0.000000 131.786499 0.000000
480.487061 -715.755676 267.031250 0.000000 147.117920 0.000000
-751.968750 -751.968750 267.031250 0.000000 45.466919 0.000000
-742.074585 -527.004333 267.031250 0.000000 19.978638 0.000000
-612.119812 -188.229492 262.829285 0.000000 27.130737 0.000000
-725.546631 29.186703 267.031250 0.000000 -31.646118 0.000000
-732.267517 367.968750 267.031250 0.000000 -58.727417 0.000000
-728.988586 341.093933 128.031250 0.000000 -59.150391 0.000000
-347.721100 276.686890 128.031250 0.000000 -41.693115 0.000000
478.556732 339.117920 133.648788 0.000000 -133.654175 0.000000
417.073151 146.290497 128.031250 0.000000 -141.174316 0.000000
486.538391 -94.640182 138.761841 0.000000 -131.077881 0.000000
272.031250 -208.031250 128.031250 0.000000 -78.305054 0.000000
452.554718 -435.303741 128.031250 0.000000 -136.071167 0.000000
494.754456 -751.968750 148.551834 0.000000 168.294067 0.000000
168.902008 -658.238342 128.031250 0.000000 148.837280 0.000000
-363.866455 -663.006714 128.031250 0.000000 6.080933 0.000000
-751.968750 -736.418701 141.136307 0.000000 122.915039 0.000000
-731.768738 -432.545593 129.201050 0.000000 -28.877563 0.000000
-751.968750 -248.569016 141.731918 0.000000 44.258423 0.000000
-751.930664 -16.031250 141.860748 0.000000 3.663940 0.000000
-579.628601 -19.102356 128.031250 0.000000 91.422729 0.000000
-32.031250 -5.133830 128.031250 0.000000 -88.088379 0.000000
118.271255 -130.896637 256.031250 0.000000 -105.974121 0.000000
64.501808 -406.640839 256.031250 0.000000 -108.286743 0.000000
-223.968750 -367.968750 128.031250 0.000000 -8.860474 0.000000
-326.255127 -418.800415 256.031250 0.000000 90.406494 0.000000
-218.269150 -188.527634 384.031250 0.000000 178.934326 0.000000
-124.180412 -181.433380 384.031250 0.000000 101.749878 0.000000
-33.267673 -201.631393 384.031250 0.000000 18.621826 0.000000
