2474.733398 2470.169922 64.031250 0.000000 -163.223877 0.000000
1993.787598 2242.936279 64.031250 0.000000 -111.011353 0.000000
1348.565796 2498.909912 64.031250 0.000000 -178.049927 0.000000
1351.922607 2191.686279 64.031250 0.000000 -62.847290 0.000000
2460.496582 1374.762451 64.031250 0.000000 -163.959961 0.000000
2266.838379 837.261414 64.031250 0.000000 -106.116943 0.000000
2447.745361 115.923149 64.031250 0.000000 148.980103 0.000000
1171.983643 380.498505 64.031250 0.000000 138.988037 0.000000
530.629089 1257.435913 64.031250 0.000000 140.723877 0.000000
322.717010 2130.269531 64.031250 0.000000 -58.233032 0.000000
224.003479 2446.430908 64.031250 0.000000 -144.871216 0.000000
-933.416199 2023.622803 64.031250 0.000000 -123.261108 0.000000
-1575.103760 1917.945923 64.031250 0.000000 -140.927124 0.000000
-2247.976318 1886.657349 64.031250 0.000000 -103.859253 0.000000
-2463.899902 2420.303223 64.031250 0.000000 -92.658691 0.000000
-2322.599121 693.967224 64.031250 0.000000 -42.341309 0.000000
-1457.439697 350.635223 64.031250 0.000000 -5.641479 0.000000
-981.790100 -509.621429 64.031250 0.000000 -77.673340 0.000000
-1944.789307 -762.394409 64.031250 0.000000 106.336670 0.000000
-2440.164551 -1351.465210 64.031250 0.000000 -51.542358 0.000000
-1851.597290 -1936.013794 64.031250 0.000000 -35.870361 0.000000
-994.678284 -1200.498413 64.031250 0.000000 -84.929810 0.000000
-397.411530 -2486.716797 64.031250 0.000000 89.642944 0.000000
-873.642151 -2465.358643 422.376251 0.000000 71.592407 0.000000
-1228.428833 -1574.793213 325.031250 0.000000 94.257202 0.000000
-1717.409424 -1072.948242 454.031250 0.000000 39.940796 0.000000
-2312.031250 -603.652588 640.031250 0.000000 45.252686 0.000000
-1642.494629 -203.203369 484.031250 0.000000 106.457520 0.000000
-1492.053955 -159.102585 613.031250 0.000000 19.055786 0.000000
-2511.968750 67.408226 373.031250 0.000000 61.397095 0.000000
-2344.613281 997.285278 574.031250 0.000000 -20.676270 0.000000
-1037.441162 980.759583 574.031250 0.000000 -62.160645 0.000000
-689.524414 -403.987152 353.031250 0.000000 -121.948242 0.000000
-669.819214 -833.041748 491.031250 0.000000 66.813354 0.000000
-86.431061 -848.922791 516.031250 0.000000 130.050659 0.000000
-84.830070 -55.809956 516.031250 0.000000 144.981079 0.000000
447.964569 55.175777 516.031250 0.000000 71.109009 0.000000
-223.731476 1193.238281 328.031250 0.000000 10.112915 0.000000
-231.491409 1334.322632 480.031250 0.000000 -131.478882 0.000000
-2506.967285 1848.063232 512.031250 0.000000 6.168823 0.000000
-1996.440063 2302.627930 512.031250 0.000000 -19.379883 0.000000
-809.444580 2443.169678 456.031250 0.000000 -102.139893 0.000000
82.237122 2011.330322 456.031250 0.000000 -60.023804 0.000000
512.580139 1207.839600 456.031250 0.000000 -147.672729 0.000000
1119.545044 1357.225830 346.688263 0.000000 -151.166382 0.000000
1994.547485 1414.801025 325.031250 0.000000 166.975708 0.000000
2463.908203 1019.847717 454.031250 0.000000 163.190918 0.000000
874.932434 611.534241 64.031250 0.000000 -150.743408 0.000000
-683.046143 -658.415955 64.031250 0.000000 -20.659790 0.000000
-56.665565 -1014.555725 64.031250 0.000000 -123.035889 0.000000
