5038.237793 4695.252441 -607.968750 0.000000 -46.395264 0.000000
5038.734375 3696.821777 -607.968750 0.000000 39.396973 0.000000
6303.949707 3696.992920 -607.968750 0.000000 132.127075 0.000000
6226.488770 4255.233398 -607.968750 0.000000 -52.437744 0.000000
6542.806152 3879.783936 -607.968750 0.000000 108.830566 0.000000
6730.514648 3851.836182 -607.968750 0.000000 137.081909 0.000000
6411.053223 4914.671387 -735.968750 0.000000 -112.796631 0.000000
5065.954590 4884.811035 -831.968750 0.000000 -35.282593 0.000000
5050.589355 3842.470459 -831.968750 0.000000 74.207153 0.000000
6396.281250 3895.615967 -735.968750 0.000000 143.635254 0.000000
5052.041016 3708.312256 -735.968750 0.000000 42.324829 0.000000
4832.183594 4296.587891 -864.955811 0.000000 52.360840 0.000000
4674.794434 5510.784180 -860.178223 0.000000 -0.010986 0.000000
5099.579102 4438.871094 -369.868591 0.000000 87.736816 0.000000
6244.407227 4440.220703 -370.135193 0.000000 102.189331 0.000000
5295.324707 5007.967285 -831.968750 0.000000 46.060181 0.000000
5793.074707 5797.822754 -863.968750 0.000000 -134.285889 0.000000
5406.979492 6027.219238 -863.968750 0.000000 6.619263 0.000000
6291.492188 6104.031250 -855.968750 0.000000 93.543091 0.000000
6516.171875 7194.076660 -863.968750 0.000000 -67.027588 0.000000
7410.500977 7194.095703 -849.929932 0.000000 -127.353516 0.000000
7314.624023 5305.573242 -859.023499 0.000000 -153.687744 0.000000
7420.627930 4260.642090 -863.820312 0.000000 147.106934 0.000000
6508.562012 4939.014648 -863.968750 0.000000 -48.977051 0.000000
6177.743164 5507.738281 -894.391846 0.000000 -122.338257 0.000000
6971.000000 7217.161133 -531.968750 0.000000 -106.995850 0.000000
7369.177246 6162.970703 -531.968750 0.000000 -143.228760 0.000000
6737.986816 5014.560547 -607.968750 0.000000 95.784302 0.000000
