2288.070557 -286.239563 0.031250 0.000000 -140.965576 0.000000
2541.167725 -551.788818 -0.304143 0.000000 83.001709 0.000000
1970.269165 -936.031250 -0.232724 0.000000 -63.446045 0.000000
1436.105835 -794.122375 0.896141 0.000000 -107.666016 0.000000
1616.789185 -1672.868408 1.612328 0.000000 -94.597778 0.000000
1909.494751 -2238.792725 15.495942 0.000000 95.081177 0.000000
2514.635742 -1741.319458 12.849039 0.000000 91.647949 0.000000
3039.176025 -1216.778564 1.481601 0.000000 114.285278 0.000000
3538.565186 -566.079956 18.245279 0.000000 -129.682617 0.000000
2566.744141 644.727112 4.031250 0.000000 -139.185791 0.000000
1439.026611 1469.151733 18.469530 0.000000 -37.512817 0.000000
984.827942 -451.158020 0.031250 0.000000 -117.476807 0.000000
363.983795 -907.424438 0.031250 0.000000 -39.396973 0.000000
987.178833 1133.625488 0.031250 0.000000 120.910034 0.000000
1866.279175 2765.510986 0.031250 0.000000 -161.339722 0.000000
2039.075195 2811.165527 8.031250 0.000000 -78.244629 0.000000
2703.125977 2122.725342 8.031250 0.000000 -110.780640 0.000000
3113.557861 1734.887207 8.031250 0.000000 -162.691040 0.000000
3400.426025 1439.838379 8.031250 0.000000 -165.767212 0.000000
4427.422852 1322.280396 2.612949 0.000000 -172.562256 0.000000
2849.736816 1135.001343 3.271579 0.000000 -123.623657 0.000000
2478.612793 -857.602173 128.031250 0.000000 110.407104 0.000000
2463.088623 -857.853455 256.031250 0.000000 127.435913 0.000000
1572.190674 438.589722 256.031250 0.000000 30.942993 0.000000
1566.636353 746.677612 0.031250 0.000000 -18.775635 0.000000
