-1021.987122 -805.646057 -984.968750 0.000000 0.000000 0.000000
-1274.111206 -543.031250 -984.968750 0.000000 0.000000 0.000000
-1335.968750 -387.090088 -984.968750 0.000000 0.000000 0.000000
-420.031250 79.968750 -984.968750 0.000000 0.000000 0.000000
-966.417542 61.005722 -841.968750 0.000000 0.000000 0.000000
-1317.185791 -153.070251 -773.968750 0.000000 0.000000 0.000000
-1247.521973 -605.068542 -773.968750 0.000000 0.000000 0.000000
-526.046570 -47.947468 -693.968750 0.000000 0.000000 0.000000
1240.548706 -626.386292 -968.968750 0.000000 0.000000 0.000000
1343.968750 -94.614243 -968.968750 0.000000 0.000000 0.000000
534.568359 895.968750 -456.968750 0.000000 0.000000 0.000000
1247.990601 712.071167 -455.968750 0.000000 0.000000 0.000000
-1301.574341 112.448158 -456.968750 0.000000 0.000000 0.000000
-682.468445 -1654.916870 -456.968750 0.000000 0.000000 0.000000
1255.271851 -1516.921997 -455.968750 0.000000 0.000000 0.000000
50.434238 205.345963 -984.968750 0.000000 0.000000 0.000000
1.074530 -412.658325 -984.954834 0.000000 0.000000 0.000000
-399.454803 -551.821411 -984.968750 0.000000 0.000000 0.000000
-451.085693 292.257874 -984.968750 0.000000 0.000000 0.000000
376.380493 300.731720 -984.968750 0.000000 0.000000 0.000000
1296.046509 -591.360229 -821.968750 0.000000 0.000000 0.000000
-54.005123 -855.362427 -984.968750 0.000000 0.000000 0.000000
-168.422348 -242.873764 -984.968750 0.000000 0.000000 0.000000
245.066849 -553.184814 -871.970337 0.000000 0.000000 0.000000
802.292175 -1576.968750 -760.388916 0.000000 0.000000 0.000000
713.672729 -329.917908 -984.732971 0.000000 0.000000 0.000000
-558.416016 -719.729614 -773.968750 0.000000 0.000000 0.000000
-678.943665 -563.578308 -558.418152 0.000000 0.000000 0.000000
733.407227 -568.505249 -663.968750 0.000000 0.000000 0.000000
1329.339233 -562.483582 -663.968750 0.000000 0.000000 0.000000
