17.770735 1117.264404 248.031250 0.000000 36.985474 0.000000
536.309448 812.292969 248.031250 0.000000 55.266724 0.000000
11.154064 809.785767 248.031250 0.000000 42.989502 0.000000
-330.557465 922.347046 248.031250 0.000000 -41.121826 0.000000
-343.069702 -108.789658 256.031250 0.000000 38.666382 0.000000
575.598572 -95.686150 256.031250 0.000000 135.950317 0.000000
854.839294 34.907204 240.031250 0.000000 143.602295 0.000000
543.232849 565.378113 256.031250 0.000000 38.133545 0.000000
-140.667267 388.702484 20.031250 0.000000 34.074097 0.000000
602.564758 -192.288315 32.031250 0.000000 137.329102 0.000000
604.076721 -355.356323 71.992027 0.000000 146.002808 0.000000
100.493713 -92.687691 32.031250 0.000000 -77.898560 0.000000
59.154636 -1070.993042 16.031250 0.000000 48.290405 0.000000
722.677185 -349.170532 32.031250 0.000000 -108.358154 0.000000
865.656067 -33.240936 32.031250 0.000000 -33.947754 0.000000
1507.464600 -295.199371 32.031250 0.000000 -136.219482 0.000000
1245.090576 -50.034782 32.031250 0.000000 -53.679199 0.000000
1565.197266 474.463409 16.031250 0.000000 -146.315918 0.000000
1461.607788 922.598511 16.031250 0.000000 134.741821 0.000000
897.018066 1620.402100 16.031250 0.000000 -20.852051 0.000000
546.795959 1334.771484 49.031250 0.000000 -52.860718 0.000000
98.957497 864.556763 66.464088 0.000000 42.407227 0.000000
92.867805 1823.419312 24.097155 0.000000 -124.667358 0.000000
328.977142 2114.339844 16.031250 0.000000 -128.325806 0.000000
-479.096069 2250.982666 224.031250 0.000000 -123.837891 0.000000
600.345459 2132.283936 240.031250 0.000000 -133.676147 0.000000
