1007.968750 1987.990845 8.312500 0.000000 165.217896 0.000000
1000.614319 2360.582275 0.031250 0.000000 178.088379 0.000000
993.737854 2536.288574 128.031250 0.000000 -148.342896 0.000000
557.755859 2152.583740 128.031250 0.000000 31.832886 0.000000
986.395447 1880.258667 128.031250 0.000000 158.917236 0.000000
478.234497 2404.403320 0.031250 0.000000 163.536987 0.000000
-21.150421 1234.323486 -151.968750 0.000000 -110.264282 0.000000
-1040.087646 2193.695068 -151.968750 0.000000 -25.317993 0.000000
-1366.512329 1989.850952 -151.968750 0.000000 -47.493896 0.000000
-959.961243 1124.526367 -7.968750 0.000000 122.947998 0.000000
-1508.768433 62.660324 8.031250 0.000000 58.035278 0.000000
-1321.976318 1304.825562 -143.687500 0.000000 -51.295166 0.000000
-749.810303 868.827759 -151.968750 0.000000 23.939209 0.000000
-161.127487 615.388123 -151.968750 0.000000 88.687134 0.000000
144.002686 417.890625 -141.640228 0.000000 -44.890137 0.000000
1023.968750 763.374817 -179.968750 0.000000 170.722046 0.000000
1052.170532 -163.699234 -141.640228 0.000000 -172.007446 0.000000
990.187378 -786.131165 -151.968750 0.000000 93.872681 0.000000
154.692871 -88.872337 -151.968750 0.000000 -40.501099 0.000000
-415.833923 -88.255974 -151.968750 0.000000 4.174805 0.000000
-231.947601 -1054.277466 -144.182663 0.000000 114.494019 0.000000
-456.398743 -2020.931641 -231.968750 0.000000 128.485107 0.000000
-1087.036133 -1591.365234 -151.968750 0.000000 -23.345947 0.000000
-469.607391 158.872879 8.031250 0.000000 126.837158 0.000000
-584.304260 559.012207 8.031250 0.000000 152.473755 0.000000
-608.169312 2137.378906 18.204189 0.000000 -89.873657 0.000000
-228.031250 -671.536682 -151.968750 0.000000 153.264771 0.000000
