-4499.926758 -789.963318 -175.968750 0.000000 132.676392 0.000000
-4980.331055 -779.238647 -175.968750 0.000000 35.815430 0.000000
-4604.220215 212.031250 -159.968750 0.000000 157.752686 0.000000
-4057.978760 937.713989 65.031250 0.000000 125.809937 0.000000
-3481.115234 1364.755859 97.031250 0.000000 165.778198 0.000000
-2969.218750 698.736694 -112.192947 0.000000 137.526855 0.000000
-2717.828125 303.185638 -83.991348 0.000000 -127.128296 0.000000
-2732.688477 72.928925 -91.122116 0.000000 -73.564453 0.000000
-3510.028320 -2.972341 -135.953873 0.000000 -73.526001 0.000000
-3358.613770 -1841.434204 -79.968750 0.000000 90.510864 0.000000
-1062.601440 689.118713 -207.968750 0.000000 -90.153809 0.000000
-798.195251 857.762573 64.031250 0.000000 -146.843262 0.000000
-1433.549683 566.918823 -199.968750 0.000000 -48.356323 0.000000
-1495.740356 -396.810577 -171.968750 0.000000 -3.944092 0.000000
-2129.429932 -883.943665 -152.282501 0.000000 -32.288818 0.000000
-3546.288574 -477.933319 -43.968750 0.000000 -123.530273 0.000000
-3723.029297 -752.888062 -159.968750 0.000000 -44.494629 0.000000
-3555.501953 -465.853149 -159.968750 0.000000 173.798218 0.000000
-4584.483887 -153.725708 -100.582550 0.000000 -1.362305 0.000000
-4397.671875 83.838593 97.031250 0.000000 127.133789 0.000000
-4970.386719 -1000.430298 -27.968750 0.000000 -60.825806 0.000000
-4985.558594 -1316.167236 -27.968750 0.000000 -2.048950 0.000000
-4501.208008 -767.097717 -27.968750 0.000000 147.634277 0.000000
-4976.632812 -291.462891 -27.968750 0.000000 -47.362061 0.000000
-2900.423096 -1720.836548 240.446564 0.000000 91.856689 0.000000
-2912.510010 -946.416565 228.031250 0.000000 -90.428467 0.000000
-3564.665039 -301.051147 120.031250 0.000000 -89.835205 0.000000
-5103.945312 -480.242065 116.031250 0.000000 87.934570 0.000000
-4827.904297 -42.394646 -103.968750 0.000000 178.879395 0.000000
-3675.979980 547.272278 -171.447601 0.000000 -179.604492 0.000000
