-543.481140 388.299072 185.218903 0.000000 52.619019 0.000000
-173.220154 226.994781 185.031250 0.000000 -169.469604 0.000000
-19.062082 836.895386 248.370560 0.000000 -108.814087 0.000000
632.397522 447.843140 67.776588 0.000000 -177.028198 0.000000
313.984802 795.686218 67.381599 0.000000 -25.191650 0.000000
462.228882 19.548754 -184.254456 0.000000 128.391724 0.000000
-628.645264 -1039.199341 71.809662 0.000000 -9.052734 0.000000
-758.055298 -316.304016 65.031250 0.000000 51.663208 0.000000
-155.031250 692.968750 65.031250 0.000000 -128.578491 0.000000
-447.221497 254.460648 65.031250 0.000000 128.589478 0.000000
-1560.677246 848.712219 125.671349 0.000000 -121.118774 0.000000
-2043.807373 597.737000 89.414902 0.000000 -99.838333 0.000000
-1522.990356 22.932865 71.833664 0.000000 48.889160 0.000000
-1655.898438 -614.842773 97.443321 0.000000 137.988281 0.000000
-1887.061035 -863.191040 103.902596 0.000000 103.172607 0.000000
-2911.369873 -786.094055 120.348717 0.000000 93.933105 0.000000
-3631.999756 -688.146423 93.296883 0.000000 -11.530151 0.000000
-3810.250488 -289.036713 67.031250 0.000000 0.834961 0.000000
-4032.597900 -66.148705 67.031250 0.000000 -176.764526 0.000000
-4963.387207 -27.725973 67.031250 0.000000 0.439453 0.000000
-4470.203613 415.368164 104.094246 0.000000 86.737061 0.000000
-4632.506836 709.429749 61.031250 0.000000 -178.610229 0.000000
-3751.864014 880.759521 77.031250 0.000000 73.311768 0.000000
-2830.697266 856.831665 76.259674 0.000000 160.202637 0.000000
-3046.015137 666.802307 -207.968750 0.000000 -90.955811 0.000000
312.098175 -708.091553 80.031250 0.000000 179.802246 0.000000
343.968750 -495.704285 80.031250 0.000000 -167.349243 0.000000
294.531311 -343.453552 78.477882 0.000000 89.978027 0.000000
154.374985 -346.912323 72.149925 0.000000 88.725586 0.000000
294.698273 -872.154358 77.708061 0.000000 -99.404297 0.000000
-141.593140 680.105225 184.031250 0.000000 -113.724976 0.000000
-408.031250 171.935165 184.031250 0.000000 -176.297607 0.000000
-448.137115 263.616516 65.031250 0.000000 173.375244 0.000000
