392.000000 -2556.000000 -168.775558 0.000000 20.983887 0.000000
800.401245 -2137.729004 -156.012421 0.000000 -57.288208 0.000000
1834.145508 -2429.669189 -153.298615 0.000000 -177.643433 0.000000
2623.052979 -1380.197266 -141.254868 0.000000 -174.276123 0.000000
1366.031006 -450.469513 -148.320633 0.000000 -101.085205 0.000000
-162.928864 -663.327393 -163.764908 0.000000 12.930908 0.000000
550.440186 348.963257 -157.744293 0.000000 -57.485962 0.000000
1283.336792 -100.193268 -145.487839 0.000000 89.027710 0.000000
1967.968750 432.709900 -307.973602 0.000000 175.588989 0.000000
1070.889282 -499.206909 -308.279938 0.000000 175.720825 0.000000
-112.250648 -1374.283081 -362.552063 0.000000 -13.062744 0.000000
916.645203 -1515.502808 -399.968750 0.000000 170.211182 0.000000
1967.968750 -431.968750 -299.979614 0.000000 133.385010 0.000000
848.031250 976.031250 -307.974060 0.000000 51.811523 0.000000
300.031250 1967.968750 -294.228973 0.000000 -50.652466 0.000000
336.973572 1917.548950 -159.968750 0.000000 -43.560791 0.000000
1425.542480 1727.491699 -43.576538 0.000000 -129.627686 0.000000
1336.031250 800.012024 -157.076431 0.000000 20.247803 0.000000
752.031250 856.031250 -151.157684 0.000000 23.329468 0.000000
541.798096 1237.929565 -151.832291 0.000000 -3.598022 0.000000
717.968750 1176.031250 -15.968750 0.000000 151.034546 0.000000
471.968750 1135.968750 -15.968750 0.000000 -155.758667 0.000000
707.113586 785.031250 -15.968750 0.000000 137.438965 0.000000
178.598038 203.562943 -15.968750 0.000000 43.423462 0.000000
711.968750 635.968750 -151.968750 0.000000 178.725586 0.000000
426.221191 350.968750 -151.968750 0.000000 -161.334229 0.000000
39.001278 1036.831909 -151.968750 0.000000 -36.359253 0.000000
711.968750 1135.968750 -151.968750 0.000000 -138.990234 0.000000
1028.241821 300.031250 -151.968750 0.000000 100.156860 0.000000
1286.153564 378.974884 -23.968750 0.000000 143.717651 0.000000
426.221191 350.968750 -151.968750 0.000000 -161.288483 0.000000
-14.335616 438.039124 -15.968750 0.000000 105.001831 0.000000
4.736818 235.511276 -135.687241 0.000000 98.931885 0.000000
-79.627151 1560.475952 -171.473160 0.000000 -13.991089 0.000000
