1901.399658 196.434509 -159.968750 0.000000 -123.563232 0.000000
2302.804932 65.112595 -159.968750 0.000000 -144.816284 0.000000
1916.287964 -499.951630 -159.968750 0.000000 124.101562 0.000000
1357.880127 -608.778748 -159.968750 0.000000 47.735596 0.000000
1457.545410 -95.645508 -159.968750 0.000000 -135.247192 0.000000
1162.507446 -833.734924 -159.968750 0.000000 -140.723877 0.000000
1258.686890 -2014.556396 -282.861389 0.000000 124.167480 0.000000
786.071472 -1090.870972 -250.480530 0.000000 -50.861206 0.000000
297.418976 -1325.821899 -279.968750 0.000000 -3.471680 -0.000000
277.732147 -1621.227661 -335.968750 0.000000 -123.327026 0.000000
127.822014 -2135.899658 -335.968750 0.000000 69.186401 0.000000
-508.050446 -1580.753296 -327.968750 0.000000 -148.051758 0.000000
-1460.394287 -1665.115356 -335.968750 0.000000 -26.707764 0.000000
-474.559631 -1446.969238 -239.968750 0.000000 140.399780 0.000000
-870.743225 -1188.024048 -239.968750 0.000000 54.168091 0.000000
-1532.258789 -1577.312622 -327.968750 0.000000 132.907104 0.000000
-1668.385132 -495.184540 -239.968750 0.000000 38.067627 0.000000
-1339.750610 311.797302 -303.491730 0.000000 -48.916626 0.000000
-674.598816 -66.244614 -367.968750 0.000000 143.464966 0.000000
-1425.656738 1215.140015 -312.549957 0.000000 -50.037231 0.000000
-292.495453 426.642792 -159.968750 0.000000 152.413330 0.000000
-881.863159 -247.876312 -159.968750 0.000000 50.668945 0.000000
-317.192444 -203.000809 -159.968750 0.000000 137.197266 0.000000
169.494141 274.661011 -159.968750 0.000000 -115.944214 0.000000
470.450439 -470.231812 -159.968750 0.000000 30.635376 0.000000
534.376892 387.754913 -159.968750 0.000000 52.712402 0.000000
1623.677856 742.889465 -159.968750 0.000000 -107.369385 0.000000
