1372.052002 547.004028 -159.968750 0.000000 34.760742 0.000000
1898.171631 493.819946 -335.968750 0.000000 -10.838013 0.000000
1991.009277 34.969131 -431.968750 0.000000 -5.130615 0.000000
1842.752441 -987.795593 -274.552582 0.000000 -83.732300 0.000000
2463.433838 -952.669373 -335.968750 0.000000 -142.179565 0.000000
1921.063843 -1554.741821 -335.968750 0.000000 179.467163 -0.000000
368.719849 -2144.012451 -335.968750 0.000000 177.225952 0.000000
-26.462763 -1576.508789 -327.968750 0.000000 -42.654419 0.000000
-257.902924 -1756.222046 -335.968750 0.000000 -173.693848 0.000000
-537.041382 -1597.228882 -335.968750 0.000000 -146.898193 0.000000
-1420.662720 -1690.718018 -335.968750 0.000000 -51.756592 0.000000
-1657.819702 -139.449219 -239.968750 0.000000 -0.274658 0.000000
-1679.968750 -461.057678 -239.968750 0.000000 3.416748 0.000000
-1656.285889 -803.748901 -239.968750 0.000000 20.115967 0.000000
-1516.849854 -1584.225708 -327.968750 0.000000 176.533813 0.000000
-466.088684 -1178.468018 -239.968750 0.000000 -179.434204 0.000000
-877.975159 -1154.354858 -239.968750 0.000000 89.346313 0.000000
-1439.968750 -17.916676 -327.968750 0.000000 -89.934082 0.000000
-1430.094971 -786.647888 -327.968750 0.000000 89.450684 0.000000
-671.834656 -68.740891 -367.968750 0.000000 129.776001 0.000000
-711.199280 550.619263 -367.968750 0.000000 -123.629150 0.000000
-1375.899658 453.361176 -327.968750 0.000000 -0.175781 0.000000
-758.082581 1263.968750 -327.968750 0.000000 -126.628418 0.000000
-133.871933 38.144352 -159.968750 0.000000 134.989014 0.000000
175.968750 274.801483 -159.968750 0.000000 -91.554565 0.000000
207.699280 682.152344 -159.968750 0.000000 -90.988770 0.000000
541.761536 669.853699 -159.968750 0.000000 -89.736328 0.000000
894.607483 885.536377 -159.968750 0.000000 94.268188 0.000000
560.031250 912.031250 -159.968750 0.000000 46.823730 0.000000
1522.672974 891.122314 -156.451889 0.000000 176.434937 0.000000
1211.322388 552.331482 -159.968750 0.000000 -50.767822 0.000000
1891.270752 175.576019 -159.968750 0.000000 -108.253784 0.000000
2303.367920 -344.883392 -159.968750 0.000000 179.340820 0.000000
1410.038330 -105.904449 -159.968750 0.000000 -174.979248 0.000000
807.344055 -565.603455 -159.968750 0.000000 89.780273 0.000000
1159.492920 -893.441345 -159.968750 0.000000 -178.934326 0.000000
286.057709 -1329.339722 -279.968750 0.000000 -2.285156 0.000000
-1019.309570 -1085.309570 -327.968750 0.000000 92.191772 0.000000
24.705534 -1055.316895 -223.968750 0.000000 -94.119873 0.000000
175.968750 -110.778183 -159.968750 0.000000 167.299805 0.000000
