2920.489990 -876.489014 111.596252 0.000000 180.000000 0.000000
2803.249512 -817.026245 -54.968750 0.000000 -37.633667 0.000000
2874.708984 -140.089813 -64.033752 0.000000 91.060181 0.000000
3286.544678 -3.927568 -69.968750 0.000000 10.805054 0.000000
3438.521240 1181.929932 2.658839 0.000000 -178.319092 0.000000
2059.288818 575.372498 159.663345 0.000000 150.062256 0.000000
1542.793823 1331.883545 180.031250 0.000000 -90.895386 0.000000
1503.352905 1735.389648 428.031250 0.000000 -108.517456 0.000000
1191.129395 2101.310059 428.031250 0.000000 89.115601 0.000000
970.450806 2456.831299 428.031250 0.000000 89.115601 0.000000
1172.814575 2689.379395 428.031250 0.000000 91.620483 0.000000
1507.460449 3054.682617 428.031250 0.000000 178.978271 0.000000
489.692139 3083.512939 428.031250 0.000000 177.654419 0.000000
120.419296 2879.974854 428.031250 0.000000 166.569214 0.000000
-653.016235 2343.916016 428.031250 0.000000 -94.097900 0.000000
-655.613953 2128.642822 428.031250 0.000000 -96.602783 0.000000
-794.496643 2136.593262 -118.243561 0.000000 94.828491 0.000000
359.588196 2125.657959 -103.710190 0.000000 51.465454 0.000000
1125.780884 2117.796387 -107.829453 0.000000 74.761963 0.000000
2937.565674 2546.444336 -87.536362 0.000000 178.879395 0.000000
3579.784912 2882.625488 428.031250 0.000000 -90.823975 0.000000
3496.794434 3081.045410 428.031250 0.000000 -179.197998 0.000000
2735.312744 2851.860107 428.031250 0.000000 177.692871 0.000000
2737.122070 1059.170044 1.947189 0.000000 78.810425 0.000000
1471.076782 -154.567001 -16.759798 0.000000 -82.743530 0.000000
1564.658203 -1250.495850 -25.623880 0.000000 -101.354370 0.000000
64.292114 -1062.293701 42.031250 0.000000 89.285889 0.000000
66.391190 -296.308563 42.031250 0.000000 92.614746 0.000000
86.359619 479.383118 42.031250 0.000000 84.160767 0.000000
41.947620 970.751404 42.031250 0.000000 -177.648926 0.000000
334.227997 651.832947 -79.259247 0.000000 -88.879395 0.000000
-1712.622925 270.027771 13.042188 0.000000 149.144897 0.000000
-3175.289795 -352.355438 -13.208723 0.000000 9.157104 0.000000
-3251.865234 -1114.151001 -10.510876 0.000000 -3.905640 0.000000
-3289.872803 -2056.983398 -53.579567 0.000000 -9.909668 0.000000
-2195.186035 -2063.646484 39.253323 0.000000 42.621460 0.000000
-1303.237671 -2734.675293 287.097168 0.000000 61.798096 0.000000
-841.841125 -3018.689697 274.560486 0.000000 108.962402 0.000000
170.354523 -2983.668701 22.733837 0.000000 96.580811 0.000000
903.755493 -3051.571045 -2.821501 0.000000 167.761230 0.000000
1486.297852 -2190.203857 -49.426208 0.000000 -120.618896 0.000000
3378.951416 -1637.225830 -55.968750 0.000000 90.769043 0.000000
2910.328369 -1276.133545 -55.968750 0.000000 -91.186523 0.000000
3274.911621 -1529.773071 -55.968750 0.000000 177.072144 0.000000
2814.590088 -1025.921631 -54.968750 0.000000 80.183716 0.000000
3803.437012 1696.270874 31.645590 0.000000 -175.534058 0.000000
3644.595703 2552.719482 57.562557 0.000000 -136.263428 0.000000
3319.106689 2603.891602 86.191360 0.000000 -53.893433 0.000000
3354.657227 2113.774170 -14.344002 0.000000 -53.893433 0.000000
