-342.923126 -84.963806 256.031250 0.000000 -36.710815 0.000000
-307.102173 -321.940277 256.031250 0.000000 3.345337 0.000000
-340.276978 -472.647736 256.031250 0.000000 -2.378540 0.000000
-341.340179 -665.555054 256.031250 0.000000 8.761597 0.000000
-349.829285 -884.719177 256.031250 0.000000 23.329468 0.000000
-148.743164 -894.471130 248.377258 0.000000 17.962646 0.000000
95.839333 -830.351685 214.790985 0.000000 42.940063 0.000000
76.559761 -521.738953 218.366760 0.000000 13.864746 0.000000
124.049583 -239.368713 197.983459 0.000000 -43.917847 0.000000
289.294403 -92.082954 207.768539 0.000000 -88.753052 0.000000
218.110535 -433.797852 180.977386 0.000000 -27.498779 0.000000
240.963196 -746.921631 167.880051 0.000000 3.048706 0.000000
504.689331 -902.965332 122.937141 0.000000 65.879517 0.000000
631.750916 -912.645020 102.481522 0.000000 82.496338 0.000000
686.645874 -470.990448 93.526405 0.000000 -2.730103 0.000000
660.371155 -640.493774 94.615936 0.000000 -166.728516 0.000000
698.076416 -327.403961 92.674309 0.000000 -174.298096 0.000000
652.351501 -47.306084 89.498161 0.000000 -94.691162 0.000000
772.610596 -0.007950 348.031250 0.000000 -80.756760 0.000000
760.552612 -959.994263 348.031250 0.000000 70.592888 0.000000
904.315063 -865.537109 98.148300 0.000000 137.070923 0.000000
858.471375 -701.876282 99.523399 0.000000 147.117920 0.000000
848.087341 -472.195221 92.403542 0.000000 17.770386 0.000000
866.292786 -65.836105 92.433945 0.000000 -86.649170 0.000000
1014.411194 -308.820129 122.413696 0.000000 -58.095703 0.000000
938.313416 -477.829498 90.094551 0.000000 179.439697 0.000000
1008.686584 -663.042053 119.662628 0.000000 166.239624 0.000000
1084.753906 -891.253662 135.710236 0.000000 148.469238 0.000000
1104.045532 -516.251831 136.019073 0.000000 120.970459 0.000000
1110.860352 -117.126831 140.954666 0.000000 -46.702881 0.000000
1328.539795 -111.781631 181.343842 0.000000 -44.549561 0.000000
1383.992065 -339.620117 195.007751 0.000000 -151.968384 0.000000
1366.918823 -653.831238 190.825989 0.000000 135.411987 0.000000
1286.649780 -919.421082 166.586548 0.000000 111.912231 0.000000
1488.329346 -893.548462 209.300110 0.000000 114.537964 0.000000
1512.983398 -565.601440 225.249451 0.000000 39.089355 0.000000
1431.886963 -317.925507 207.514389 0.000000 156.181641 0.000000
1374.807251 -103.881004 196.807816 0.000000 -0.604248 0.000000
1694.435669 -16.475040 247.648438 0.000000 -114.439087 0.000000
1870.807251 -69.791664 256.031250 0.000000 171.430664 0.000000
1838.312500 -276.237518 256.031250 0.000000 -151.759644 0.000000
1863.200562 -454.852783 256.031250 0.000000 -164.273071 0.000000
1862.492310 -630.042725 256.031250 0.000000 169.903564 0.000000
1878.989624 -851.749451 256.031250 0.000000 148.084717 0.000000
