2960.151123 -495.999298 -177.245346 0.000000 129.111328 0.000000
2844.463379 482.574310 -268.146667 0.000000 -112.280273 0.000000
2657.819336 1373.723145 -383.968750 0.000000 -128.122559 0.000000
2408.255371 679.721863 -488.190704 0.000000 148.513184 0.000000
2083.218506 1372.784668 -500.341431 0.000000 -117.493286 0.000000
1433.845093 948.891479 -493.497589 0.000000 -48.460693 0.000000
1226.787109 953.895325 -507.279480 0.000000 -128.518066 0.000000
-212.562195 924.003174 -488.534882 0.000000 -76.810913 0.000000
-800.530884 296.279205 -507.887604 0.000000 29.443359 0.000000
100.553131 -153.458115 -501.502258 0.000000 -138.982544 0.000000
-751.104614 -1248.083862 -504.032806 0.000000 7.965088 0.000000
230.600082 -1667.775146 -223.223526 0.000000 61.688232 0.000000
-206.384735 -1663.123291 -221.480103 0.000000 131.253662 0.000000
481.764221 -566.228455 -217.135101 0.000000 -162.844849 0.000000
-225.684433 -282.412354 -218.310715 0.000000 -138.092651 0.000000
-1558.828491 -610.823181 -207.968750 0.000000 116.927490 0.000000
-1560.588989 210.965363 -200.022644 0.000000 -125.326538 0.000000
-1369.870239 847.968750 -191.968750 0.000000 -53.415527 0.000000
-1383.364746 188.071533 -191.968750 0.000000 55.151367 0.000000
92.567726 864.200378 -191.968750 0.000000 -24.384155 0.000000
159.332703 416.004456 -95.968750 0.000000 -44.247437 0.000000
1372.253540 359.861542 -213.643173 0.000000 -140.377808 0.000000
1774.090698 340.012085 -225.007370 0.000000 -133.648682 0.000000
1629.857056 -431.748688 -197.012360 0.000000 52.662964 0.000000
-1599.084473 1161.583618 -205.626633 0.000000 -175.858154 0.000000
-2250.187012 1192.745605 -319.968750 0.000000 -144.376831 0.000000
-2259.791016 868.835632 -319.968750 0.000000 -148.073730 0.000000
-2517.895508 387.029144 -319.225739 0.000000 -158.565674 0.000000
-3048.551025 562.784729 -284.125305 0.000000 -59.463501 0.000000
-3040.751953 -310.894867 -313.529236 0.000000 54.052734 0.000000
-2991.261719 -1216.661133 -222.763672 0.000000 -4.515381 0.000000
-1434.799805 -1327.968750 -223.968750 0.000000 125.963745 0.000000
-1214.128662 -1617.813110 -223.968750 0.000000 61.743164 0.000000
