128.871170 1267.123779 -339.968750 0.000000 -90.379028 0.000000
-616.875427 1130.688843 -339.968750 0.000000 89.950562 0.000000
-1193.614258 1322.350098 -291.968750 0.000000 -91.208496 0.000000
-1579.341553 1007.578491 -255.968750 0.000000 -87.171021 0.000000
-1890.189941 1110.274902 -311.968750 0.000000 -38.468628 0.000000
-1112.031250 296.031250 -291.968750 0.000000 128.875122 0.000000
-1360.031250 64.797211 -291.968750 0.000000 -178.055420 0.000000
-1356.292480 -53.173508 -402.236755 0.000000 -28.769846 0.000000
-1380.923584 428.812164 -591.968750 0.000000 -0.499878 0.000000
-1164.388428 596.669861 -563.968750 0.000000 134.456177 0.000000
-882.681152 -553.139221 -267.968750 0.000000 81.908569 0.000000
-662.897949 -309.675842 -231.968750 0.000000 -2.554321 0.000000
-540.008057 -760.085999 -219.968750 0.000000 -22.510986 0.000000
-678.159058 -1933.933716 -399.968750 0.000000 87.407227 0.000000
-1910.149902 -1407.981079 -291.968750 0.000000 88.912354 0.000000
-2056.829346 -722.125488 -291.968750 0.000000 27.020874 0.000000
-1866.877319 149.657227 -291.968750 0.000000 -89.318848 0.000000
-1467.258179 -225.630798 -291.968750 0.000000 90.538330 0.000000
-348.881775 304.436005 -219.968750 0.000000 -143.690186 0.000000
117.776115 468.511047 -219.968750 0.000000 -110.786133 0.000000
-79.207108 637.203613 -233.618958 0.000000 89.978027 0.000000
477.099487 1117.086304 -339.968750 0.000000 89.148560 0.000000
1328.563721 1240.416260 -243.968750 0.000000 -53.047485 0.000000
1744.031250 1168.038940 -73.968750 0.000000 1.829224 0.000000
2163.916504 454.128632 -11.968750 0.000000 152.935181 0.000000
2211.906738 1087.968750 -11.968750 0.000000 -112.175903 0.000000
1095.898926 1020.991577 -267.968750 0.000000 -29.767456 0.000000
1287.809937 304.031250 -243.968750 0.000000 101.694946 0.000000
1008.504578 807.968750 -385.968750 0.000000 -92.455444 0.000000
704.031250 490.329803 -495.968750 0.000000 82.727051 0.000000
43.161060 416.001770 -495.968750 0.000000 179.945068 0.000000
-304.031250 336.031250 -495.968750 0.000000 155.429077 0.000000
-809.109314 435.300476 -495.968750 0.000000 -0.307617 0.000000
702.404114 -13.693104 -243.968750 0.000000 43.242188 0.000000
529.867737 -392.605469 -243.968750 0.000000 -175.896606 0.000000
439.968750 -711.745422 -243.968750 0.000000 178.319092 0.000000
-88.987282 -681.424866 -243.968750 0.000000 -132.769775 0.000000
-31.600937 -886.718750 -243.968750 0.000000 -96.613770 0.000000
66.039276 -1573.269287 -243.968750 0.000000 178.912354 0.000000
688.039917 -1004.534424 -271.535309 0.000000 85.572510 0.000000
544.031250 -696.383972 -243.968750 0.000000 1.977539 0.000000
974.664124 -511.968750 -243.968750 0.000000 123.112793 0.000000
1036.031250 -208.004059 -159.968750 0.000000 -1.505127 0.000000
1455.968750 -697.196594 8.031250 0.000000 179.461670 0.000000
1808.190430 -181.626404 8.031250 0.000000 -166.909790 0.000000
1931.988770 163.968750 88.031250 0.000000 88.895874 0.000000
1999.968750 252.031250 8.031250 0.000000 -179.741821 0.000000
-784.031250 -2155.724121 -399.968750 0.000000 176.572266 0.000000
-650.857666 154.935120 -363.968750 0.000000 2.488403 0.000000
292.762329 34.149639 -363.968750 0.000000 172.446899 0.000000
390.650970 183.974121 -363.968750 0.000000 49.531860 0.000000
-1212.125488 -143.317093 -351.968750 0.000000 86.676636 0.000000
