0.000000 3744.000000 48.031250 0.000000 -90.000000 0.000000
26.786131 2982.285156 0.031250 0.000000 1.235962 0.000000
-288.031250 2320.000977 48.031250 0.000000 88.198242 0.000000
-528.015076 2064.146973 5.482858 0.000000 87.011719 0.000000
-385.467621 2781.376709 9.716467 0.000000 -142.822266 0.000000
-943.968750 2064.031250 6.215953 0.000000 87.440186 0.000000
-765.492065 2777.902100 8.436305 0.000000 -70.076294 0.000000
-1494.529907 1591.454834 -111.968750 0.000000 0.280151 0.000000
-1072.905518 1057.990967 -111.968750 0.000000 90.648193 0.000000
-656.541870 1082.632446 -111.968750 0.000000 178.439941 0.000000
-1135.536011 328.495972 -111.968750 0.000000 2.537842 0.000000
-495.968750 453.886627 0.031250 0.000000 -87.824707 0.000000
-495.968750 -193.316040 0.031250 0.000000 -79.985962 0.000000
222.254456 -426.414764 0.031250 0.000000 91.318359 0.000000
1263.968750 -272.376801 0.031250 0.000000 177.846680 0.000000
912.086487 319.968750 -127.968750 0.000000 -91.351318 0.000000
272.031250 400.031250 -127.968750 0.000000 3.922119 0.000000
-196.116638 351.968750 0.031250 0.000000 -93.092651 0.000000
-144.682144 616.725403 -127.968750 0.000000 -1.181030 0.000000
281.652405 912.031250 -111.968750 0.000000 86.726074 0.000000
751.968750 1058.917358 -111.968750 0.000000 173.529053 0.000000
1135.968750 1327.968750 -111.968750 0.000000 -177.160034 0.000000
447.904236 1680.031250 0.031250 0.000000 88.786011 0.000000
1391.968750 2208.030029 60.947685 0.000000 178.994751 0.000000
912.031250 2527.685547 56.548016 0.000000 3.010254 0.000000
400.012848 2192.031250 0.031250 0.000000 88.939819 0.000000
652.467896 2863.968750 120.031250 0.000000 -92.147827 0.000000
856.627869 2336.031250 208.031250 0.000000 92.664185 0.000000
1138.540527 2497.059082 208.031250 0.000000 -179.104614 0.000000
1631.674805 2064.143555 208.031250 0.000000 90.763550 0.000000
2031.968750 2073.032471 208.031250 0.000000 176.176758 0.000000
2047.968750 2463.593750 208.031250 0.000000 176.297607 0.000000
1825.000977 2923.968750 208.031250 0.000000 -90.082397 0.000000
2104.575195 3021.596680 144.031250 0.000000 -179.934082 0.000000
912.031250 2832.031250 58.713284 0.000000 92.823486 0.000000
111.991058 1040.031250 -111.968750 0.000000 92.351074 0.000000
-224.574219 1600.766357 -111.968750 0.000000 178.956299 0.000000
-1082.931152 2539.295166 -159.968750 0.000000 -90.862427 0.000000
-660.708923 2543.968750 -127.968750 0.000000 -91.060181 0.000000
-150.547195 2098.962158 -159.968750 0.000000 178.527832 0.000000
-1083.692627 2255.146729 -287.968750 0.000000 -89.840698 0.000000
-1089.629150 828.272827 -287.968750 0.000000 89.736328 0.000000
-1263.907104 1563.329834 -255.968750 0.000000 -0.862427 0.000000
38.534382 2746.115967 -159.968750 0.000000 0.082397 0.000000
622.409851 2598.934326 -127.968750 0.000000 87.758789 0.000000
1604.213379 3008.494385 -159.968750 0.000000 -92.021484 0.000000
2542.013184 2776.031250 -127.968750 0.000000 178.758545 0.000000
2496.054688 2449.192627 -31.968750 0.000000 90.291138 0.000000
2538.823975 2523.403076 176.031250 0.000000 -179.692383 0.000000
2202.082031 2247.950684 208.031250 0.000000 176.143799 0.000000
