1131.930176 -786.687256 -91.696518 0.000000 -23.609619 0.000000
1615.560181 303.433716 -163.425797 0.000000 -40.407715 0.000000
2905.676270 75.219833 -159.968750 0.000000 134.620972 0.000000
2728.249512 906.267090 -159.968750 0.000000 -80.798950 0.000000
1201.086670 899.700378 -159.968750 0.000000 -76.272583 0.000000
1626.427124 1039.620117 0.031250 0.000000 126.936035 0.000000
1925.225708 910.624146 0.031250 0.000000 52.816772 0.000000
2538.120361 903.396545 0.031250 0.000000 129.836426 0.000000
2510.262451 1527.088135 0.031250 0.000000 -155.604858 0.000000
2536.817627 916.985535 152.031250 0.000000 136.702881 0.000000
1909.219360 1524.576294 152.031250 0.000000 -45.159302 0.000000
1334.099854 1045.733276 208.031250 0.000000 52.778320 0.000000
1095.756714 1010.879761 208.031250 0.000000 145.838013 0.000000
792.381958 1509.068848 0.031250 0.000000 132.769775 0.000000
594.254395 1827.720825 14.898958 0.000000 16.314697 0.000000
-377.066895 -171.620499 208.031250 0.000000 62.578125 0.000000
-421.973907 -160.004807 0.031250 0.000000 69.642334 0.000000
-103.114388 -436.667419 -159.968750 0.000000 37.034912 0.000000
410.676361 -176.947281 -159.968750 0.000000 -161.982422 0.000000
417.329254 442.031586 -39.968750 0.000000 -125.354004 0.000000
1062.079712 -31.724529 -159.968750 0.000000 -27.147217 0.000000
