-986.215576 -191.441360 160.152847 0.000000 -125.755005 0.000000
-864.621277 -666.313782 139.232895 0.000000 -33.887329 0.000000
355.070190 -848.032959 20.979218 0.000000 142.855225 0.000000
-486.972870 -578.530701 23.919111 0.000000 56.398315 0.000000
-679.894165 273.466888 8.851504 0.000000 50.586548 0.000000
741.289307 -359.149292 21.186710 0.000000 140.449219 0.000000
534.614380 336.031250 13.884961 0.000000 39.737549 0.000000
720.515442 1166.421509 4.013453 0.000000 -129.748535 0.000000
1213.208252 228.563934 9.803732 0.000000 127.842407 0.000000
1327.844604 177.038681 -191.052994 0.000000 70.751953 0.000000
1736.754761 347.110535 64.031250 0.000000 128.210449 0.000000
1712.600342 1814.996460 47.281139 0.000000 149.595337 0.000000
1540.602905 3023.845215 141.180237 0.000000 -119.586182 0.000000
429.191345 2760.119873 96.031250 0.000000 -50.284424 0.000000
566.127563 2379.849365 40.031250 0.000000 -34.046631 0.000000
477.888824 2507.635986 -107.505005 0.000000 -130.737305 0.000000
-111.968750 2284.012695 -127.343094 0.000000 -47.180786 0.000000
-283.920013 1755.489624 -127.052383 0.000000 149.133911 0.000000
453.220673 1771.357178 0.031250 0.000000 -88.665161 0.000000
-1193.643433 1328.031250 -111.968750 0.000000 14.221802 0.000000
-1382.938354 1255.860840 32.031250 0.000000 -132.819214 0.000000
-1333.488770 24.848804 13.911283 0.000000 125.733032 0.000000
-2143.833740 -723.505920 129.696014 0.000000 -15.897217 0.000000
-1441.523071 -160.031250 133.029083 0.000000 137.351074 0.000000
-2174.524414 1233.756958 32.031250 0.000000 -21.016846 0.000000
-2149.509766 1815.879883 9.854262 0.000000 47.752075 0.000000
-1667.396851 1641.559570 16.367691 0.000000 93.422241 0.000000
-2028.457520 3112.910889 32.031250 0.000000 -85.561523 0.000000
-1032.989990 2110.134766 -33.903896 0.000000 21.286011 0.000000
-1197.426270 1336.155029 -111.968750 0.000000 29.630127 0.000000
