-1449.675415 877.968750 -54.766788 0.000000 -115.197144 0.000000
-1343.968750 570.480225 -55.968750 0.000000 -53.986816 0.000000
-856.951782 716.868530 -28.347616 0.000000 -29.141235 0.000000
-438.481812 442.629517 42.031250 0.000000 158.724976 0.000000
-210.931213 81.795547 182.031250 0.000000 87.143555 0.000000
-93.928482 121.702988 182.031250 0.000000 -22.609863 0.000000
155.031250 203.581131 182.031250 0.000000 -45.115356 0.000000
289.650482 108.548264 37.729507 0.000000 -89.071655 0.000000
816.235046 -770.630432 93.017746 0.000000 86.616211 0.000000
1011.734924 -520.564087 256.031250 0.000000 67.016602 0.000000
2027.917969 -219.344208 256.031250 0.000000 58.897705 0.000000
2080.572510 -511.805481 113.405121 0.000000 63.814087 0.000000
2646.835449 -37.951012 80.031250 0.000000 -126.232910 0.000000
1816.660156 677.749023 160.031250 0.000000 -53.267212 0.000000
2469.674316 939.583130 160.031250 0.000000 152.319946 0.000000
2427.565918 1366.674438 160.031250 0.000000 106.973877 0.000000
1643.902100 1627.534546 160.031250 0.000000 46.851196 0.000000
2209.569336 2853.193848 152.031250 0.000000 -121.613159 0.000000
2563.491943 2599.571777 141.074112 0.000000 -156.198120 0.000000
2694.164062 1648.309814 160.031250 0.000000 168.585205 0.000000
1839.065552 691.811035 160.031250 0.000000 -62.012329 0.000000
2474.968750 943.523315 160.031250 0.000000 -174.380493 0.000000
1322.306763 -100.249634 128.031250 0.000000 37.639160 0.000000
843.968750 721.225220 96.031250 0.000000 -118.745728 0.000000
37.071426 452.677155 69.258865 0.000000 50.048218 0.000000
116.095116 1592.120361 112.031250 0.000000 -89.637451 0.000000
404.324738 2127.968750 134.144455 0.000000 -51.130371 0.000000
866.513367 1905.879639 135.003647 0.000000 174.781494 0.000000
387.739166 2442.031250 160.031250 0.000000 120.003662 0.000000
1.327767 3216.606201 160.031250 0.000000 -62.215576 0.000000
-570.577576 902.719971 -31.968750 0.000000 -79.639893 0.000000
-1628.398438 -62.490585 0.031250 0.000000 -13.804321 0.000000
286.382050 -266.504242 96.031250 0.000000 50.971069 0.000000
