1112.365356 1322.017944 1657.031250 0.000000 -102.848511 0.000000
1235.658447 1166.620117 1264.031250 0.000000 -174.682617 0.000000
984.090637 1188.268066 792.031250 0.000000 108.435059 0.000000
1024.251099 1238.834351 8.031250 0.000000 39.556274 0.000000
32.491924 1277.598511 0.031250 0.000000 -104.963379 0.000000
-1658.571045 1375.187500 0.031250 0.000000 128.281860 0.000000
-1723.132202 740.519409 0.031250 0.000000 16.281738 0.000000
-1455.790527 989.832031 8.031250 0.000000 52.421265 0.000000
-1067.168335 993.624512 8.031250 0.000000 178.225708 0.000000
-1198.415771 1070.387817 184.031250 0.000000 -119.882813 0.000000
-1457.035767 822.720520 184.031250 0.000000 -82.232666 0.000000
-1017.923157 -76.429268 0.031250 0.000000 -27.811890 0.000000
-872.933716 -542.445068 0.031250 0.000000 -155.950928 0.000000
-1242.291260 -1158.995117 0.031250 0.000000 -24.708252 0.000000
-919.521423 -1498.074585 0.031250 0.000000 51.943359 0.000000
-1399.466919 -1685.750366 8.031250 0.000000 -111.522217 0.000000
-1659.968750 -1656.031250 792.031250 0.000000 -55.222778 0.000000
-1664.252441 -1677.551270 1264.031250 0.000000 -41.748047 0.000000
-1409.030640 -1666.038208 1264.031250 0.000000 -132.396240 0.000000
-1484.308838 -1744.430542 1657.031250 0.000000 73.278809 0.000000
-1045.224243 -1897.546997 0.031250 0.000000 29.163208 0.000000
-48.417915 -1913.108765 0.031250 0.000000 100.827026 0.000000
430.178864 -1599.302246 0.031250 0.000000 95.202026 0.000000
1333.579102 -1927.529053 0.031250 0.000000 87.577515 0.000000
1241.975342 -1562.720581 8.031250 0.000000 -170.881348 0.000000
1253.000488 -1466.039429 128.031250 0.000000 103.771362 0.000000
1049.086670 -1559.013184 256.031250 0.000000 162.504272 0.000000
-359.686035 -897.704468 544.031250 0.000000 31.058350 0.000000
293.709381 -893.467590 544.031250 0.000000 95.361328 0.000000
285.574768 -260.241486 56.031250 0.000000 179.225464 0.000000
-349.924896 -260.208313 544.031250 0.000000 -87.385254 0.000000
-720.178162 -1742.659180 728.031250 0.000000 -175.561523 0.000000
-449.985046 -1526.217896 824.031250 0.000000 0.560303 0.000000
-606.012573 528.820435 992.031250 0.000000 5.504150 0.000000
93.336449 504.423828 992.031250 0.000000 68.389893 0.000000
102.902740 -1815.319458 992.031250 0.000000 -98.129883 0.000000
-599.589050 -1805.146851 992.031250 0.000000 -175.466568 0.000000
54.336060 488.031250 728.031250 0.000000 -93.817749 0.000000
229.482529 334.285492 662.031250 0.000000 -66.472778 0.000000
290.070862 -570.942810 0.031250 0.000000 -176.665649 0.000000
-362.446564 -568.560486 0.031250 0.000000 -139.125366 0.000000
-1168.613892 -1406.815063 64.031250 0.000000 -14.353638 0.000000
-1766.675293 -1827.852661 0.031250 0.000000 -68.439331 0.000000
-1831.968750 -519.625244 192.031250 0.000000 8.250732 0.000000
-1828.707397 1490.871460 192.031250 0.000000 -53.102417 0.000000
0.242040 1511.999878 192.031250 0.000000 -75.552979 0.000000
1415.968750 1501.121582 192.031250 0.000000 -104.155884 0.000000
1170.066895 215.312820 0.031250 0.000000 -61.463013 0.000000
1299.839111 -1174.429565 0.031250 0.000000 176.863403 0.000000
1401.532349 -2023.968750 192.031250 0.000000 135.845947 0.000000
