877.000000 -2921.000000 234.270966 0.000000 89.928589 0.000000
1582.857300 -2900.022217 240.031250 0.000000 98.745117 0.000000
1122.231567 -2080.750000 192.031250 0.000000 79.013672 0.000000
1332.376221 -1654.988159 192.031250 0.000000 88.055420 0.000000
1522.587524 -762.269775 192.031250 0.000000 -3.746338 0.000000
2353.348145 -1195.792480 192.031250 0.000000 -88.423462 0.000000
2299.689697 -1759.868408 184.031250 0.000000 179.566040 0.000000
1934.667725 -2039.302856 168.031250 0.000000 -1.796265 0.000000
2158.791504 -638.807312 198.588623 0.000000 134.291382 0.000000
688.929749 -251.764465 192.031250 0.000000 -124.925537 0.000000
667.735107 -696.911682 192.031250 0.000000 126.238403 0.000000
-662.518799 -559.520081 192.316818 0.000000 -89.417725 0.000000
-1236.906250 -556.622375 192.031250 0.000000 -3.153076 0.000000
-1097.640259 -1294.094971 192.031250 0.000000 -89.016724 0.000000
-609.156250 -1433.818726 216.031250 0.000000 179.236450 0.000000
-592.717896 -1702.819336 216.031250 0.000000 179.566040 0.000000
-685.858521 -1912.177612 216.031250 0.000000 179.895630 0.000000
-452.885590 -2333.308350 192.031250 0.000000 -136.076660 0.000000
-910.077026 -2689.376221 197.826431 0.000000 52.778320 0.000000
-522.951782 -2652.913574 192.379822 0.000000 88.549805 -0.000000
-221.255508 -2265.996094 192.031250 0.000000 1.990769 0.000000
244.021011 -2629.366455 237.630844 0.000000 0.421614 0.000000
1779.458008 -877.659607 194.625916 0.000000 90.730591 0.000000
1871.832520 -410.046783 232.031250 0.000000 -88.192749 0.000000
1890.300781 446.405579 192.031250 0.000000 -92.054443 0.000000
1593.190186 759.841553 96.031250 0.000000 -172.375488 0.000000
1439.318970 1348.638184 96.031250 0.000000 -132.996490 0.000000
440.910431 1352.349243 96.031250 0.000000 -67.032806 0.000000
217.894714 716.708923 195.264099 0.000000 135.280151 0.000000
-68.395638 305.993286 192.031250 0.000000 172.567749 -0.000000
-40.796101 569.590210 2.543287 0.000000 -2.125854 -0.000000
785.586487 223.045624 -2.071660 0.000000 -108.746895 0.000000
1293.991821 -547.929688 -0.095136 0.000000 -134.126587 0.000000
1143.013672 -1422.927368 92.031250 0.000000 108.023071 0.000000
348.226349 -1061.061279 200.031250 0.000000 -87.500610 0.000000
-207.094772 -1415.829102 40.031250 0.000000 178.775024 0.000000
-713.729248 -558.140259 0.031250 0.000000 3.015747 0.000000
-501.570648 -298.042206 0.031250 0.000000 179.500122 -0.000000
-1257.999023 -773.977234 273.031250 0.000000 0.148315 0.000000
-1240.240967 -1953.712769 193.197418 0.000000 -33.140259 0.000000
