143.386993 3243.300049 64.031250 0.000000 179.928589 0.000000
659.604065 3383.604736 79.031250 0.000000 -91.785278 -0.000000
-74.493874 2423.968750 64.031250 0.000000 -85.253906 0.000000
-396.479126 1854.217896 80.031250 0.000000 -1.170044 0.000000
-267.545837 1281.124146 288.031250 0.000000 90.340576 0.000000
-473.699249 1439.505371 288.031250 0.000000 -179.500122 0.000000
-1251.593018 1393.781006 288.031250 0.000000 87.698364 -0.000000
-1272.851318 2371.340088 288.031250 0.000000 0.379028 0.000000
-337.486084 2414.985352 288.031250 0.000000 -7.436908 0.000000
-1481.263794 1579.865967 -32.968750 0.000000 -90.230713 0.000000
-1634.689209 79.068344 96.031250 0.000000 -0.532363 0.000000
-1072.208008 -49.933128 96.031250 0.000000 96.146851 0.000000
-534.631348 -205.256271 64.031250 0.000000 -1.478034 0.000000
-476.287018 -698.740173 64.031250 0.000000 -5.026245 0.000000
104.605057 -983.639893 64.031250 0.000000 54.239502 0.000000
989.503845 -846.208435 39.823467 0.000000 91.856689 -0.000000
434.586578 7.123222 64.031250 0.000000 175.742798 -0.000000
673.668884 116.860298 64.031250 0.000000 1.373291 0.000000
1847.558472 336.584381 64.031250 0.000000 21.143188 0.000000
2388.745605 37.693703 64.031250 0.000000 36.123047 0.000000
3207.837158 -65.313797 96.031250 0.000000 -4.394531 0.000000
3567.968750 198.630966 96.031250 0.000000 179.817230 0.000000
3475.853027 440.002655 96.031250 0.000000 -179.329834 0.000000
2615.225586 1108.830200 -70.274055 0.000000 134.791260 0.000000
2903.489014 2174.550537 -109.181870 0.000000 -82.111816 -0.000000
1133.657593 2595.153564 64.031250 0.000000 -88.776421 0.000000
590.286926 2680.169189 64.031250 0.000000 179.807739 0.000000
26.765821 3162.783691 64.031250 0.000000 -0.104370 0.000000
-732.425781 2888.795410 -25.148003 0.000000 -88.939819 0.000000
-636.680481 2477.189941 65.031250 0.000000 88.692627 -0.000000
-487.049774 2448.031250 65.031250 0.000000 89.818726 0.000000
-1530.240723 2281.882324 64.031250 0.000000 -177.681885 0.000000
-2026.184082 2446.981201 -16.583139 0.000000 -25.515747 0.000000
-1952.139038 2097.429443 -57.863762 0.000000 -69.274292 0.000000
-1735.792480 1600.600464 -24.001081 0.000000 172.536163 0.000000
-1958.796387 1165.091553 7.138837 0.000000 -93.451866 0.000000
-1866.990723 226.622086 72.197098 0.000000 -89.562202 0.000000
-2059.059326 -561.200134 134.097153 0.000000 43.319092 -0.000000
-652.160706 -633.490906 64.031250 0.000000 93.214439 0.000000
332.110901 -398.141937 64.031250 0.000000 -94.191284 -0.000000
-298.755676 -297.746918 64.031250 0.000000 179.868164 -0.000000
-569.043396 388.741302 96.031250 0.000000 91.560059 0.000000
-70.789658 1130.567261 64.031250 0.000000 -93.493652 0.000000
-678.044983 1292.147095 65.031250 0.000000 -90.159302 0.000000
-1068.095337 1206.193604 64.031250 0.000000 -89.104614 -0.000000
-1644.306274 887.598206 64.031250 0.000000 -1.620483 0.000000
-1802.599243 1013.897339 32.031250 0.000000 86.484375 0.000000
-1959.391846 1371.192993 -8.365214 0.000000 84.902344 -0.000000
