-2701.244141 -1212.418579 -415.968750 0.000000 24.087524 0.000000
-1843.376953 -1326.151489 -415.968750 0.000000 50.026245 0.000000
-1093.821045 -1215.856689 -379.491852 0.000000 178.659668 0.000000
-962.475647 -945.691223 -416.546112 0.000000 -133.714600 0.000000
-506.942444 -1318.580444 -351.688232 0.000000 -119.031372 0.000000
-131.896759 -1410.461914 -415.968750 0.000000 -133.945312 0.000000
57.565472 -1915.779419 -415.968750 0.000000 -61.281738 0.000000
325.124207 -1586.020508 -415.968750 0.000000 -49.372559 0.000000
1432.805786 -2159.863037 -415.968750 0.000000 -145.437012 0.000000
1547.824097 -2325.181396 -415.968750 0.000000 39.627686 0.000000
2089.026123 -1783.620728 -415.968750 0.000000 158.098755 0.000000
2422.874756 -1743.113892 -415.968750 0.000000 135.659180 0.000000
2398.318359 -2241.673340 -639.968750 0.000000 -176.390991 0.000000
1733.340088 -2388.358643 -639.968750 0.000000 131.660156 -0.000000
126.184265 -1653.188599 -639.968750 0.000000 36.425171 0.000000
36.445602 -928.031250 -767.968750 0.000000 -4.954834 0.000000
943.968750 -1359.968750 -767.968750 0.000000 105.457764 0.000000
821.540894 -296.799805 -767.968750 0.000000 -75.212402 0.000000
1310.915161 -392.281097 -639.968750 0.000000 -135.933838 0.000000
340.834229 -272.031250 -639.968750 0.000000 -28.685303 0.000000
935.513184 -1306.184326 -639.968750 0.000000 121.459351 0.000000
565.273315 943.660156 -479.968750 0.000000 -79.804688 0.000000
975.968750 -227.968750 -415.968750 0.000000 89.516602 0.000000
1327.769409 -327.002716 -415.968750 0.000000 -158.834839 0.000000
1040.031250 -637.205688 -415.968750 0.000000 -9.179077 0.000000
255.968750 -623.968750 -409.968750 0.000000 134.500122 0.000000
-241.539658 -623.968750 -409.968750 0.000000 49.636230 0.000000
-225.908173 -1318.259155 -415.968750 0.000000 18.605347 0.000000
876.453430 -348.451050 -415.968750 0.000000 -114.345703 0.000000
398.968750 -1455.968750 -415.968750 0.000000 115.565186 0.000000
225.230225 -1118.725464 -287.968750 0.000000 152.687988 0.000000
221.266403 -297.418152 -171.968750 0.000000 -137.087402 0.000000
208.028351 -1249.638794 -271.968750 0.000000 -174.045410 0.000000
298.619690 -301.424530 -127.968750 0.000000 -38.485107 0.000000
954.767395 -1503.968750 -127.968750 0.000000 124.194946 0.000000
1040.031250 -512.031250 -103.968750 0.000000 -61.589355 0.000000
1041.552979 -512.031250 -189.766907 0.000000 2.197266 0.000000
1048.644287 -1068.188965 -415.968750 0.000000 26.383667 0.000000
