2542.673828 1027.968750 -383.968750 0.000000 -144.113129 0.000000
1797.785278 393.137512 -383.968750 0.000000 17.517700 0.000000
2547.968750 398.820648 -383.968750 0.000000 130.512085 0.000000
3249.080811 623.845703 -383.968750 0.000000 -121.734009 0.000000
3332.633057 119.968750 -479.968750 0.000000 -148.397827 0.000000
2722.131836 -522.947510 -463.968750 0.000000 -85.567017 0.000000
2209.601074 -521.254272 -463.968750 0.000000 -79.431152 0.000000
2159.968750 -812.454895 -479.968750 0.000000 -170.244141 0.000000
1312.330322 -630.713806 -375.968750 0.000000 -32.766724 0.000000
1026.089478 -1101.890625 -287.968750 0.000000 45.472412 0.000000
455.829620 -361.410797 -207.968750 0.000000 -151.858521 0.000000
403.466614 -536.284668 -50.115864 0.000000 110.258789 0.000000
-132.953430 -282.611633 -195.032028 0.000000 -33.618164 0.000000
1750.289551 -1285.778687 -279.968750 0.000000 131.835938 0.000000
1448.972778 -812.299744 -287.968750 0.000000 -43.489380 0.000000
2152.828613 -982.916443 -479.968750 0.000000 176.951294 0.000000
1809.358398 -1200.767090 -471.968750 0.000000 -154.758911 0.000000
1080.419556 -1464.031250 -399.968750 0.000000 -157.335205 0.000000
870.251282 -1602.057495 -399.968750 0.000000 56.008301 0.000000
983.968750 -1115.800049 -399.968750 0.000000 -174.424438 0.000000
536.031250 -935.968750 -399.968750 0.000000 49.279175 0.000000
647.968750 -132.810257 -257.779358 0.000000 -152.380371 0.000000
-39.564331 23.101028 -255.968750 0.000000 27.130737 0.000000
681.374817 32.991257 -255.968750 0.000000 137.153320 0.000000
368.104950 266.681610 -295.968750 0.000000 44.159546 0.000000
-41.968750 249.345291 -295.968750 0.000000 48.878174 0.000000
-57.968750 770.582581 -295.968750 0.000000 -56.716919 0.000000
1119.000977 656.163208 -255.968750 0.000000 -152.385864 0.000000
2159.292480 -1600.462646 -382.969635 0.000000 149.523926 0.000000
1801.729736 704.732727 -393.968750 0.000000 6.372070 0.000000
