1119.723999 -2798.780518 768.031250 0.000000 -138.614502 0.000000
1135.990967 -2359.925293 768.031250 0.000000 137.230225 0.000000
1135.968750 -1701.161499 770.015320 0.000000 -172.699585 0.000000
533.740417 -1600.158813 774.618958 0.000000 79.052124 0.000000
95.968750 -1613.400391 773.825195 0.000000 147.299194 0.000000
965.663818 -1263.968750 603.784485 0.000000 38.924561 0.000000
2794.524658 -431.259399 512.031250 0.000000 -150.556641 0.000000
2689.873291 1189.578003 512.031250 0.000000 -130.490112 0.000000
2523.162354 1632.262085 512.031250 0.000000 -122.107544 0.000000
2102.860840 1858.802734 512.031250 0.000000 -154.649048 0.000000
28.213633 2185.960205 512.031250 0.000000 -20.863037 0.000000
-548.490173 3667.948730 512.031250 0.000000 142.481689 0.000000
-2585.123291 1198.020630 512.031250 0.000000 -90.137329 0.000000
-3309.968750 1178.732666 642.031250 0.000000 -46.246948 0.000000
-3257.690186 -1193.220337 640.031250 0.000000 53.278198 0.000000
-2068.008545 -1677.033081 512.031250 0.000000 131.358032 0.000000
-1735.113647 -1352.395264 512.031250 0.000000 54.266968 0.000000
1084.349731 -2860.615234 768.031250 0.000000 167.459106 0.000000
-676.041260 -523.968750 512.031250 0.000000 124.096069 0.000000
-1659.978882 722.908875 512.031250 0.000000 -38.259888 0.000000
-1041.873169 389.447113 368.031250 0.000000 43.840942 0.000000
-576.031250 794.605408 320.031250 0.000000 -136.664429 0.000000
549.417175 401.053436 448.031250 0.000000 143.497925 0.000000
857.428528 18.593119 448.031250 0.000000 4.537354 0.000000
912.031250 -529.272705 448.031250 0.000000 6.915894 0.000000
527.781860 839.880005 960.031250 0.000000 -21.231079 0.000000
1251.442749 890.733643 984.031250 0.000000 -118.449097 0.000000
