-1757.625488 1603.228394 -226.096115 0.000000 -89.522095 0.000000
-781.545471 1672.633179 -214.421692 0.000000 -90.000000 0.000000
-376.770447 1296.230225 -177.387146 0.000000 91.043701 0.000000
12.105527 1708.945801 -103.968750 0.000000 -82.001953 0.000000
137.673065 1240.031250 -215.968750 0.000000 90.648193 0.000000
735.381653 1447.325439 -215.968750 0.000000 87.918091 0.000000
824.771362 1795.968750 -215.968750 0.000000 -88.022461 0.000000
998.277710 1432.031250 -215.968750 0.000000 91.279907 0.000000
1499.073364 1424.737061 -215.968750 0.000000 176.934814 0.000000
942.031250 1753.031250 -247.968750 0.000000 -5.652466 0.000000
1371.999756 1128.794922 -215.968750 0.000000 -91.741333 0.000000
1260.839355 827.694763 -164.639114 0.000000 86.923828 0.000000
1503.968750 647.856750 -215.968750 0.000000 -166.157227 0.000000
1942.509644 482.989594 -215.968750 0.000000 179.582520 0.000000
1810.786255 -55.390450 -215.968750 0.000000 93.098145 0.000000
2070.283447 -835.968750 -120.238815 0.000000 103.430786 0.000000
1353.364990 -244.392410 -215.968750 0.000000 179.659424 0.000000
1675.031250 -157.824234 -215.968750 0.000000 -1.818237 0.000000
1937.380737 -1007.043213 -323.968750 0.000000 90.082397 0.000000
1437.220825 -989.627563 -323.968750 0.000000 -0.834961 0.000000
1462.440674 -1197.221191 -317.803802 0.000000 65.093994 0.000000
1998.653076 -1441.941406 -283.968750 0.000000 128.413696 0.000000
1738.898560 -1744.930786 -323.968750 0.000000 176.885376 0.000000
886.169922 -1721.052734 -147.867111 0.000000 -179.549561 0.000000
990.611084 -1283.285156 -202.795502 0.000000 -20.555420 0.000000
541.197327 -1462.027710 -351.968750 0.000000 179.615479 0.000000
-424.585938 -1282.639038 -359.968750 0.000000 0.186768 0.000000
-138.630402 -1036.849243 -202.718658 0.000000 -13.073730 0.000000
-945.261841 -1684.648193 -151.968750 0.000000 -0.444946 0.000000
-928.031250 -1181.777710 -151.968750 0.000000 88.731079 0.000000
-726.109192 -882.749634 -225.951462 0.000000 0.977783 0.000000
1476.386719 -872.557129 -323.968750 0.000000 179.961548 0.000000
1385.683838 -1201.771362 -351.968750 0.000000 179.011230 0.000000
1048.570190 -576.031250 -221.968750 0.000000 -90.972290 0.000000
822.176758 -636.027283 -221.968750 0.000000 178.857422 0.000000
400.301270 -618.302856 -221.968750 0.000000 0.736084 0.000000
-473.463196 -222.942932 -221.893539 0.000000 -0.368042 -0.000000
-99.144585 18.003288 -215.968750 0.000000 90.862427 0.000000
42.685974 435.451935 -221.738449 0.000000 -0.291138 0.000000
-700.668579 -345.295319 -217.968750 0.000000 0.571289 0.000000
-441.145172 -380.916840 -217.968750 0.000000 87.967529 0.000000
-410.998810 596.700928 -215.968750 0.000000 -0.373535 -0.000000
-308.605988 711.000854 -224.204880 0.000000 177.978516 0.000000
-879.968750 727.285889 -220.978317 0.000000 -2.037964 0.000000
-864.031250 1138.817139 -215.968750 0.000000 -177.857666 0.000000
-650.181152 911.460388 40.031250 0.000000 -89.313354 0.000000
-839.354126 152.796982 16.031250 0.000000 89.829712 0.000000
-653.117554 122.790367 16.031250 0.000000 89.785767 0.000000
-738.910339 -207.131927 16.031250 0.000000 -88.687134 0.000000
-966.970276 -377.341431 16.031250 0.000000 90.098877 0.000000
-1013.665588 -549.743103 -95.968750 0.000000 -87.583008 0.000000
1599.938721 224.518326 -68.795517 0.000000 1.351318 0.000000
245.687973 712.815918 40.031250 0.000000 -0.856934 0.000000
959.612244 729.364319 94.531250 0.000000 -174.462891 0.000000
744.977417 492.247711 -68.795502 0.000000 0.483398 0.000000
1064.052979 131.541580 -215.968750 0.000000 -179.807739 0.000000
909.786011 488.452118 -177.923752 0.000000 0.324097 0.000000
959.968750 687.968750 -215.968750 0.000000 -102.744141 0.000000
943.786499 -383.968750 -189.968750 0.000000 91.922607 0.000000
179.012894 -1729.989868 -103.968750 0.000000 2.625732 0.000000
