-1218.157471 1161.891235 -90.360069 0.000000 4.707642 0.000000
-399.863770 526.376709 -14.010635 0.000000 47.411499 0.000000
908.381470 290.773224 -105.857483 0.000000 -134.912109 0.000000
903.889099 -187.588608 -107.405190 0.000000 148.853760 0.000000
54.174938 -96.593521 -59.313660 0.000000 -31.096802 0.000000
354.615082 -834.427795 0.701101 0.000000 48.559570 0.000000
508.257233 -579.476990 -83.432785 0.000000 -27.399902 0.000000
957.905396 -1104.031250 -15.987089 0.000000 -117.817383 0.000000
683.583801 -1583.968750 -32.322117 0.000000 76.613159 0.000000
1344.250488 -1735.137817 0.031250 0.000000 150.963135 0.000000
462.584106 -1839.133667 0.031250 0.000000 130.039673 0.000000
-142.389069 -1774.218140 0.031250 0.000000 47.938843 0.000000
-26.345718 -1280.031250 16.031250 0.000000 -118.943481 0.000000
-438.402100 -1777.268921 0.031250 0.000000 160.438843 0.000000
-1028.695801 -1998.243530 48.031250 0.000000 107.770386 0.000000
-1271.968750 -1819.968750 0.031250 0.000000 45.137329 0.000000
-1296.347534 -1179.063354 -103.968750 0.000000 -29.739990 0.000000
-1543.968750 -1507.982910 -127.968750 0.000000 63.050537 0.000000
-1725.301270 -832.086243 -97.678467 0.000000 24.043579 0.000000
-937.051453 -982.904419 0.031250 0.000000 96.514893 0.000000
-1551.968750 -207.876450 32.144245 0.000000 60.545654 0.000000
-699.278748 -26.771885 -127.968750 0.000000 119.877319 0.000000
-1470.985962 423.548065 -50.968750 0.000000 55.261230 0.000000
-1695.170898 730.656128 0.031250 0.000000 14.606323 0.000000
-1263.972534 343.801025 0.031250 0.000000 16.655273 0.000000
-923.334839 -223.968750 -79.987061 0.000000 134.829712 0.000000
-388.031250 -519.968750 -15.968750 0.000000 164.201660 0.000000
