867.610474 -829.744263 520.031250 0.000000 141.525879 0.000000
855.609314 -657.817810 520.031250 0.000000 168.288574 0.000000
746.786865 -284.889038 520.031250 0.000000 -166.519775 0.000000
569.569946 -350.826935 520.031250 0.000000 -139.075928 0.000000
325.333099 -521.143311 480.031250 0.000000 -163.207397 0.000000
248.590027 -812.992371 544.031250 0.000000 -146.892700 0.000000
266.028595 -226.774246 544.031250 0.000000 -16.127930 0.000000
1140.322021 71.121117 256.031250 0.000000 -144.843750 0.000000
1088.314697 -162.432632 256.031250 0.000000 -101.991577 0.000000
1089.142822 -405.451813 256.031250 0.000000 -100.360107 0.000000
1088.901978 -659.812805 256.031250 0.000000 -127.227173 0.000000
1101.527344 -989.870300 256.031250 0.000000 101.365356 0.000000
811.619263 -1086.763428 256.031250 0.000000 155.368652 0.000000
480.445770 -1148.608154 256.031250 0.000000 129.287109 0.000000
306.418854 -842.351990 144.031250 0.000000 75.761719 0.000000
523.592896 -844.459961 272.031250 0.000000 70.696579 0.000000
706.367371 -534.828796 400.031250 0.000000 108.836060 0.000000
478.287323 119.233406 384.031250 0.000000 -138.251953 0.000000
-252.464783 -26.028500 256.031250 0.000000 -142.684937 0.000000
-581.953064 58.201878 235.676239 0.000000 -88.637695 0.000000
-508.042603 -414.805939 235.390442 0.000000 -172.078857 0.000000
-493.578857 -712.721741 235.732346 0.000000 -44.835205 0.000000
-232.244736 -1245.024902 572.135315 0.000000 141.712646 0.000000
-739.470093 -1063.722046 568.861694 0.000000 140.081177 0.000000
-697.081909 -820.786072 528.561340 0.000000 29.190674 0.000000
-561.561096 -634.098083 483.823853 0.000000 146.288452 0.000000
-832.089233 -422.729736 328.525085 0.000000 -170.974731 0.000000
-932.237854 190.453293 541.944702 0.000000 -52.157593 0.000000
-781.651978 146.973114 583.662964 0.000000 -84.968262 0.000000
-1359.968750 -99.469864 256.031250 0.000000 5.185547 0.000000
-1508.608521 106.791168 256.031250 0.000000 -87.533569 0.000000
-2188.887207 49.669930 256.031250 0.000000 -77.382202 0.000000
-2186.982666 -340.415253 256.031250 0.000000 -72.548218 0.000000
-2199.442139 -802.634827 256.031250 0.000000 70.675049 0.000000
-2167.205811 -1098.162231 256.031250 0.000000 28.141479 0.000000
-1695.709839 -1084.065674 256.031250 0.000000 18.676758 0.000000
-1401.718994 -1139.887085 384.031250 0.000000 103.628540 0.000000
-1381.175049 -772.459900 544.031250 0.000000 26.125488 0.000000
-1847.850830 -790.650208 520.031250 0.000000 54.310913 0.000000
-1928.812866 -355.376678 520.031250 0.000000 16.660767 0.000000
-1751.342773 -217.878067 520.031250 0.000000 -33.233643 0.000000
-1624.728882 -432.374969 520.031250 0.000000 -19.193115 0.000000
-1439.033081 -517.353271 480.031250 0.000000 15.347900 0.000000
-1422.826660 -269.716003 544.031250 0.000000 -26.905518 0.000000
-1389.373901 -824.431396 544.031250 0.000000 100.788574 0.000000
-1833.425903 -544.674561 400.031250 0.000000 -30.849609 0.000000
-1529.149658 -196.184235 272.031250 0.000000 -78.486328 0.000000
-1432.928223 -787.197998 144.031250 0.000000 44.752808 0.000000
