772.685608 1151.092407 8.908247 0.000000 0.000000 0.000000
282.117584 1504.408813 -0.385367 0.000000 0.000000 0.000000
87.823830 1314.232422 0.468043 0.000000 0.000000 0.000000
-71.241188 935.802551 -0.267807 0.000000 0.000000 0.000000
-854.825317 1098.190308 11.847093 0.000000 0.000000 0.000000
-515.162476 296.125641 0.926050 0.000000 0.000000 0.000000
21.102718 495.798340 4.469843 0.000000 0.000000 0.000000
995.249512 533.944092 7.147613 0.000000 0.000000 0.000000
771.114136 168.148300 7.622234 0.000000 0.000000 0.000000
-51.471809 -178.635452 4.397726 0.000000 0.000000 0.000000
-997.441101 -498.090759 10.637840 0.000000 0.000000 0.000000
-713.827515 -174.248154 6.918530 0.000000 0.000000 0.000000
-783.525696 -1138.697876 3.078868 0.000000 0.000000 0.000000
-109.084152 -1306.220703 4.964200 0.000000 0.000000 0.000000
823.546326 -1090.855225 4.536471 0.000000 0.000000 0.000000
851.203491 -673.977295 7.912209 0.000000 0.000000 0.000000
520.007324 -290.045135 10.475215 0.000000 0.000000 0.000000
-28.682472 -481.598907 8.690347 0.000000 0.000000 0.000000
-51.455414 -785.053589 7.952272 0.000000 0.000000 0.000000
951.510864 -205.955383 20.833630 0.000000 0.000000 0.000000
-869.849365 -142.520706 20.335751 0.000000 0.000000 0.000000
-958.671570 219.092773 12.535124 0.000000 0.000000 0.000000
49.565628 789.471741 13.866039 0.000000 0.000000 0.000000
851.049438 180.163910 7.960478 0.000000 0.000000 0.000000
633.285339 -313.428436 13.066769 0.000000 0.000000 0.000000
-605.732849 301.909546 10.306608 0.000000 0.000000 0.000000
478.280396 -182.706833 138.795731 0.000000 0.000000 0.000000
-487.452881 184.697937 129.334717 0.000000 0.000000 0.000000
-979.323669 -1719.495972 5.321420 0.000000 0.000000 0.000000
976.537354 1695.336426 8.874952 0.000000 0.000000 0.000000
502.733582 920.929260 0.031250 0.000000 0.000000 0.000000
597.252441 1749.208252 0.031250 0.000000 0.000000 0.000000
-443.308044 -912.031250 0.031250 0.000000 0.000000 0.000000
-667.069458 -1775.996826 0.031250 0.000000 0.000000 0.000000
