576.051392 -501.860535 0.031250 0.000000 0.000000 0.000000
155.623154 -188.937134 23.671234 0.000000 0.000000 0.000000
105.852318 190.460983 1.088765 0.000000 0.000000 0.000000
728.466248 593.807129 12.941018 0.000000 0.000000 0.000000
687.982910 1083.672363 0.039354 0.000000 0.000000 0.000000
52.012413 1096.303467 0.039354 0.000000 0.000000 0.000000
937.694153 1401.504272 0.039354 0.000000 0.000000 0.000000
889.465881 2067.370117 12.535940 0.000000 0.000000 0.000000
31.537373 2336.035400 -11.982670 0.000000 0.000000 0.000000
-882.771973 2309.372314 14.167519 0.000000 0.000000 0.000000
-880.258545 2038.364868 9.124180 0.000000 0.000000 0.000000
110.032768 2116.093018 96.031250 0.000000 0.000000 0.000000
-246.270187 2054.466309 96.031250 0.000000 0.000000 0.000000
-567.200378 2768.272217 360.031250 0.000000 0.000000 0.000000
579.168640 2751.076660 360.031250 0.000000 0.000000 0.000000
1088.404419 2119.552734 360.031250 0.000000 0.000000 0.000000
48.031250 1088.421387 360.031250 0.000000 0.000000 0.000000
-48.069420 1081.241699 360.031250 0.000000 0.000000 0.000000
-1066.059570 2172.832031 360.031250 0.000000 0.000000 0.000000
-49.237301 1078.984863 0.031250 0.000000 0.000000 0.000000
-687.997070 1096.184082 0.031250 0.000000 0.000000 0.000000
-679.070984 508.137878 0.067368 0.000000 0.000000 0.000000
-99.385956 247.366638 0.033291 0.000000 0.000000 0.000000
-705.012207 -219.516327 3.516724 0.000000 0.000000 0.000000
938.731750 -121.246330 360.031250 0.000000 0.000000 0.000000
83.131653 -879.968750 360.031250 0.000000 0.000000 0.000000
-943.968750 -185.003876 360.031250 0.000000 0.000000 0.000000
-891.721130 1119.924683 360.031250 0.000000 0.000000 0.000000
-679.035583 1337.320068 224.031250 0.000000 0.000000 0.000000
673.207458 1329.208374 224.031250 0.000000 0.000000 0.000000
825.585938 1098.299683 360.031250 0.000000 0.000000 0.000000
-0.687831 189.833481 384.031250 0.000000 0.000000 0.000000
-943.968750 1414.161133 0.031250 0.000000 0.000000 0.000000
95.895546 1308.345459 0.031250 0.000000 0.000000 0.000000
-138.707611 1302.723999 0.031250 0.000000 0.000000 0.000000
162.238708 2516.270264 200.031250 0.000000 0.000000 0.000000
