517.972290 -978.981445 -113.746750 0.000000 126.540527 0.000000
281.361603 -920.472107 -113.746750 0.000000 136.373291 0.000000
-85.296425 -959.693542 -113.746750 0.000000 21.379395 0.000000
-523.025452 -974.072571 -113.746750 0.000000 138.394775 0.000000
-389.139679 -782.824341 -113.746750 0.000000 -171.040649 0.000000
-472.378784 -567.751099 -113.746750 0.000000 35.381470 0.000000
-112.582802 -528.647766 -113.746750 0.000000 11.810303 0.000000
146.634064 -488.843018 -113.746750 0.000000 50.982056 0.000000
401.237030 -557.557251 -113.746750 0.000000 17.122192 0.000000
525.148499 -331.315552 -113.746750 0.000000 142.421265 0.000000
592.911316 -227.840759 -113.746750 0.000000 98.833008 0.000000
529.491516 -84.134087 -113.746750 0.000000 -161.735229 0.000000
542.782654 246.389618 -113.746750 0.000000 118.811646 0.000000
268.210663 -141.800949 -113.746750 0.000000 126.699829 0.000000
-144.296906 -79.031250 -113.746750 0.000000 -138.861694 0.000000
-320.746704 -292.183960 -113.746750 0.000000 -89.225464 0.000000
-500.968964 -353.346130 -113.746750 0.000000 116.130981 0.000000
-547.036194 -87.744720 -113.746750 0.000000 57.238770 0.000000
-520.707886 70.950172 -113.746750 0.000000 43.412476 0.000000
-595.762878 269.580994 -113.746750 0.000000 -65.478516 0.000000
-510.594238 331.796936 -113.746750 0.000000 21.851807 0.000000
-476.655457 544.007263 -113.746750 0.000000 46.252441 0.000000
-565.507935 726.252258 -113.746750 0.000000 -22.780151 0.000000
-566.184082 998.968750 -113.746750 0.000000 30.580444 0.000000
-259.901917 908.037842 -113.746750 0.000000 -36.134033 0.000000
7.198111 864.812500 -113.746750 0.000000 81.584473 0.000000
258.204865 947.028320 -113.746750 0.000000 -22.307739 0.000000
597.208069 930.861694 -113.746750 0.000000 -117.581177 0.000000
348.435516 808.156921 -113.746750 0.000000 -114.636841 0.000000
567.039490 753.508667 -113.746750 0.000000 -149.238281 0.000000
321.111633 595.279236 -113.746750 0.000000 -80.095825 0.000000
136.584213 682.437988 -113.746750 0.000000 -116.900024 0.000000
-35.227386 681.689636 -113.746750 0.000000 -87.456665 0.000000
-32.953049 371.402527 -113.746750 0.000000 -56.749878 0.000000
-527.605896 947.494629 16.031250 0.000000 -43.390503 0.000000
66.274757 755.166626 -7.968750 0.000000 -98.009033 0.000000
168.967468 998.968750 187.746246 0.000000 -105.249023 0.000000
-3.137705 655.732910 218.257996 0.000000 -89.752808 0.000000
10.150627 346.516907 223.186905 0.000000 39.677124 0.000000
14.856208 -1.403782 227.879440 0.000000 -75.536499 0.000000
-1.212348 -343.833679 215.048752 0.000000 76.706543 0.000000
500.137909 -942.054932 16.031250 0.000000 144.689941 0.000000
61.935570 -765.878113 -7.968750 0.000000 68.302002 0.000000
6.342579 -1020.028809 222.032501 0.000000 94.213257 0.000000
-562.369934 79.885307 15.031250 0.000000 66.198120 0.000000
-598.495728 273.220917 20.031250 0.000000 -29.855347 0.000000
-275.137848 -79.740585 15.031250 0.000000 -39.215698 0.000000
528.979614 -22.435499 15.031250 0.000000 -104.364624 0.000000
598.331543 -293.526764 20.031250 0.000000 -166.827393 0.000000
598.495728 257.091461 20.031250 0.000000 -159.570923 0.000000
365.539856 2.466775 188.497910 0.000000 131.055908 0.000000
