2603.917236 1943.226685 400.031250 0.000000 -124.579468 0.000000
2127.261963 1684.641602 446.417084 0.000000 -128.309326 0.000000
1560.834106 1551.628418 480.031250 0.000000 -33.980713 0.000000
1490.856445 1154.744141 584.031250 0.000000 46.653442 0.000000
1643.938477 1508.657471 676.031250 0.000000 -65.687256 0.000000
1535.175659 824.916748 584.031250 0.000000 16.578369 0.000000
1630.612793 467.518250 676.031250 0.000000 133.555298 0.000000
1537.694458 764.803955 480.031250 0.000000 -51.992798 0.000000
1727.690796 362.237762 480.031250 0.000000 -18.869019 0.000000
2138.649658 290.634247 442.435730 0.000000 71.350708 0.000000
2551.941650 84.808311 400.031250 0.000000 106.842041 0.000000
1123.946777 390.680847 480.031250 0.000000 -12.387085 0.000000
918.556885 805.880798 480.031250 0.000000 49.108887 0.000000
1136.072388 821.080688 584.031250 0.000000 0.054932 0.000000
1014.106140 487.495941 676.031250 0.000000 -16.512451 0.000000
1140.339478 1167.210693 584.031250 0.000000 -40.067139 0.000000
1023.959045 1422.236938 676.031250 0.000000 -127.930298 0.000000
979.262329 1149.880615 480.031250 0.000000 -32.810669 0.000000
1151.271973 1135.968750 480.031250 0.000000 -48.164063 0.000000
519.443542 1687.809448 443.651276 0.000000 -116.570435 0.000000
76.606239 1901.748413 400.031250 0.000000 -54.157104 0.000000
31.539900 1957.630859 192.031250 0.000000 -50.701904 0.000000
330.947571 1784.569092 192.031250 0.000000 128.012695 0.000000
62.846825 1196.300659 192.031250 0.000000 -22.609863 0.000000
156.336838 1039.168457 192.031250 0.000000 -76.030884 0.000000
55.696552 602.406311 192.031250 0.000000 7.827759 0.000000
24.013090 24.754595 192.031250 0.000000 66.983643 0.000000
351.968750 223.968750 192.031250 0.000000 160.872803 0.000000
160.979965 306.921234 152.218353 0.000000 -22.313232 0.000000
29.629244 728.654419 0.031250 0.000000 -62.429810 0.000000
26.369982 46.803516 0.031250 0.000000 74.273071 0.000000
351.968750 223.968750 0.031250 0.000000 -176.039429 0.000000
575.531677 623.680481 0.031250 0.000000 115.021362 0.000000
348.908569 901.307190 0.031250 0.000000 161.817627 0.000000
557.507690 1391.145020 0.031250 0.000000 67.703247 0.000000
274.447205 1647.724731 0.031250 0.000000 -114.675293 0.000000
51.796532 1090.540283 0.031250 0.000000 -79.502563 0.000000
37.168808 1962.186646 0.031250 0.000000 -96.432495 0.000000
335.636108 1951.524048 0.031250 0.000000 -130.556030 0.000000
602.762207 1585.913452 0.031250 0.000000 -114.043579 0.000000
840.649963 1686.813843 64.309052 0.000000 16.611328 0.000000
1389.750977 1957.075684 0.031250 0.000000 -36.650391 0.000000
2064.774902 1734.485718 0.031250 0.000000 -67.406616 0.000000
2492.758301 1032.031250 192.031250 0.000000 -79.766235 0.000000
2597.656738 1426.320801 192.031250 0.000000 149.479980 0.000000
2618.114258 1966.731689 192.031250 0.000000 -95.416260 0.000000
2587.544922 482.412384 192.031250 0.000000 155.736694 0.000000
2620.252441 19.281174 192.031250 0.000000 81.458130 0.000000
2088.962402 574.628052 0.031250 0.000000 168.145752 0.000000
1490.310303 1005.441956 0.031250 0.000000 -155.412598 0.000000
