984.739441 719.447266 0.031250 0.000000 -148.727417 0.000000
896.021240 355.283630 45.944233 0.000000 -92.576294 0.000000
883.871033 -10.434383 80.031250 0.000000 174.512329 0.000000
726.472351 -356.982422 80.031250 0.000000 99.162598 0.000000
693.205811 -590.239075 0.031250 0.000000 111.362915 0.000000
444.783173 -588.742065 0.031250 0.000000 86.072388 0.000000
3.266910 -600.790039 136.031250 0.000000 99.162598 0.000000
-102.564316 -763.057556 136.031250 0.000000 62.677002 0.000000
-466.556976 -596.185364 0.031250 0.000000 78.343506 0.000000
-727.116577 -696.324402 0.031250 0.000000 128.029175 0.000000
-980.742493 -732.502136 0.031250 0.000000 51.789551 0.000000
-938.443298 -120.297668 80.031250 0.000000 23.922729 0.000000
-718.856323 174.425980 80.031250 0.000000 23.186646 0.000000
-707.672241 593.410156 0.031250 0.000000 -36.853638 0.000000
-408.597717 598.470947 0.031250 0.000000 -88.802490 0.000000
24.034779 717.968079 136.031250 0.000000 -64.456787 0.000000
365.809204 369.447784 0.031250 0.000000 -161.680298 0.000000
552.302368 -24.893171 0.031250 0.000000 174.078369 0.000000
452.131287 -501.449921 0.031250 0.000000 121.761475 0.000000
11.989096 -690.163635 0.031250 0.000000 89.840698 0.000000
-133.040298 -353.647705 0.031250 0.000000 49.987793 0.000000
-563.162476 -383.172333 0.031250 0.000000 36.529541 0.000000
-561.222412 -14.288749 0.031250 0.000000 -0.010986 0.000000
-489.559753 377.174988 0.031250 0.000000 -56.112671 0.000000
-184.139725 443.307709 0.031250 0.000000 -61.633301 0.000000
75.513313 114.164795 -63.968750 0.000000 -153.226318 0.000000
-154.082993 -111.968750 0.031250 0.000000 10.975342 0.000000
-0.064545 -1.535385 16.031250 0.000000 148.507690 0.000000
-797.148132 -1.500032 312.529236 0.000000 -40.166016 0.000000
-445.325623 5.103510 224.031250 0.000000 -144.327393 0.000000
-253.165359 34.554085 256.031250 0.000000 50.004272 0.000000
4.810290 210.532211 256.031250 0.000000 -134.181519 0.000000
234.760529 15.831717 256.031250 0.000000 -170.667114 0.000000
145.177917 -213.970718 256.031250 0.000000 146.837769 0.000000
-189.509827 -161.502777 256.031250 0.000000 69.125977 0.000000
-178.038910 192.682175 384.031250 0.000000 -51.641235 0.000000
201.259293 169.681381 384.031250 0.000000 -158.010864 0.000000
180.772049 -205.997528 384.031250 0.000000 -22.829590 0.000000
-192.763672 -220.922531 384.031250 0.000000 43.417969 0.000000
784.527283 -35.840130 306.150940 0.000000 170.958252 0.000000
81.699532 -2.507761 211.370010 0.000000 -178.044434 0.000000
-84.496819 -3.813855 211.800354 0.000000 -42.423706 0.000000
-0.204499 -147.983612 336.031250 0.000000 96.965332 0.000000
-4.302562 143.873093 336.031250 0.000000 -79.486084 0.000000
143.270233 497.948517 166.031250 0.000000 -45.466919 0.000000
156.374619 272.031250 336.031250 0.000000 -14.117432 0.000000
507.415009 464.778534 54.031250 0.000000 -123.217163 0.000000
399.292664 -41.594120 0.031250 0.000000 168.684082 0.000000
186.694427 -609.168152 0.031250 0.000000 -137.098389 0.000000
-187.860687 -568.309021 0.031250 0.000000 74.091797 0.000000
