-1341.156006 799.895935 0.031250 0.000000 -35.172729 0.000000
-1350.640503 625.455566 56.031250 0.000000 -88.121338 0.000000
-1347.852051 366.653351 112.031250 0.000000 -28.179932 0.000000
-1346.411255 -0.038541 112.031250 0.000000 2.048950 0.000000
-1350.087036 -315.933380 112.031250 0.000000 -13.507690 0.000000
-1340.699829 -548.705688 98.031250 0.000000 -87.121582 0.000000
-1224.807129 -764.287109 0.031250 0.000000 54.102173 0.000000
-920.682312 -595.954224 0.031250 0.000000 6.514893 0.000000
-1058.080200 -347.895355 0.031250 0.000000 132.813721 0.000000
-950.954346 -302.096405 0.031250 0.000000 -3.784790 0.000000
-890.769653 -93.874802 0.031250 0.000000 29.492798 0.000000
-1047.961426 201.816833 0.031250 0.000000 128.605957 0.000000
-945.787842 328.262421 0.031250 0.000000 -4.152832 0.000000
-1040.465332 666.014771 0.031250 0.000000 122.349243 0.000000
-849.587158 780.908386 0.031250 0.000000 -32.228394 0.000000
-716.324890 592.031250 0.031250 0.000000 -13.298950 0.000000
-406.977936 557.389709 0.031250 0.000000 -15.666504 0.000000
-336.306061 648.188538 0.031250 0.000000 87.753296 0.000000
87.004860 743.573486 0.031250 0.000000 -23.922729 0.000000
499.250458 714.722778 0.031250 0.000000 -88.434448 0.000000
611.664490 542.689087 0.031250 0.000000 -0.362549 0.000000
474.974121 240.695007 0.031250 0.000000 -137.598267 0.000000
474.627075 -168.409882 0.031250 0.000000 -60.622559 0.000000
590.349609 -499.492126 0.031250 0.000000 -146.694946 0.000000
439.956055 -675.443359 0.031250 0.000000 -129.660645 0.000000
831.592163 -797.755310 0.031250 0.000000 129.028931 0.000000
825.889038 -475.695404 112.031250 0.000000 138.438721 0.000000
820.944580 -1.598017 112.031250 0.000000 179.033203 0.000000
820.762268 315.630676 112.031250 0.000000 162.575684 0.000000
832.082642 607.501770 70.031250 0.000000 116.828613 0.000000
889.231018 861.394226 256.031250 0.000000 -108.995361 0.000000
-223.608582 856.490723 256.031250 0.000000 -93.433228 0.000000
-1396.880737 844.346313 256.031250 0.000000 -34.804688 0.000000
-1393.251343 -2.346414 256.031250 0.000000 -0.153809 0.000000
-1390.766113 -856.294861 256.031250 0.000000 47.005005 0.000000
-245.750992 -852.944702 256.031250 0.000000 93.696899 0.000000
878.406311 -845.418274 256.031250 0.000000 140.806274 0.000000
883.929077 16.829742 256.031250 0.000000 179.505615 0.000000
750.958008 20.131836 303.566620 0.000000 179.714355 0.000000
139.558121 276.592865 256.031250 0.000000 -174.072876 0.000000
-512.086548 434.043976 256.031250 0.000000 -68.615112 0.000000
-618.598816 -379.037506 256.031250 0.000000 25.114746 0.000000
46.000668 -380.584595 256.031250 0.000000 129.012451 0.000000
20.020903 307.099548 0.031250 0.000000 -145.167847 0.000000
-551.644531 321.104462 0.031250 0.000000 -71.455078 0.000000
-543.987244 -316.568420 0.031250 0.000000 0.840454 0.000000
27.529848 -309.163361 0.031250 0.000000 87.544556 0.000000
33.893341 -20.267952 0.031250 0.000000 97.009277 0.000000
-257.066040 -4.932192 0.031250 0.000000 -179.225464 0.000000
-257.760742 -203.343246 0.031250 0.000000 -86.160278 0.000000
-255.697586 335.274139 0.031250 0.000000 86.649170 0.000000
