672.705872 -867.333130 -502.736755 0.000000 135.461426 0.000000
670.407349 -633.080872 -511.968750 0.000000 179.736328 0.000000
464.031250 -395.895996 -511.968750 0.000000 60.902710 0.000000
730.135437 -44.248226 -511.968750 0.000000 177.786255 0.000000
473.525757 399.968750 -511.968750 0.000000 -49.669189 0.000000
686.885559 821.961670 -511.968750 0.000000 -147.134399 0.000000
358.766754 651.507141 -511.968750 0.000000 -127.205200 0.000000
201.109848 638.511353 -511.968750 0.000000 84.089355 0.000000
-7.570632 613.764465 -511.968750 0.000000 -90.823975 0.000000
-190.766006 652.296387 -511.968750 0.000000 121.003418 0.000000
-595.875732 859.215637 -511.968750 0.000000 -77.519531 0.000000
-405.481628 600.335327 -511.968750 0.000000 -51.597290 0.000000
-464.031250 398.478790 -511.968750 0.000000 -60.693970 0.000000
-720.695923 49.110405 -511.968750 0.000000 -0.856934 0.000000
-480.896606 -399.968750 -511.968750 0.000000 110.011597 0.000000
-614.032410 -504.068604 -511.968750 0.000000 -33.090820 0.000000
-14.420602 -289.597687 -511.968750 0.000000 82.106323 0.000000
-268.718658 -5.883385 -511.968750 0.000000 -3.746338 0.000000
248.411957 -3.889396 -511.968750 0.000000 157.192383 0.000000
-10.326519 296.252899 -511.968750 0.000000 108.764648 0.000000
-375.039886 921.863708 -392.744446 0.000000 -98.217773 0.000000
-714.514832 735.822815 -240.968750 0.000000 -23.291016 0.000000
-381.414124 690.074585 -240.968750 0.000000 -23.977661 0.000000
-611.863708 488.989014 -240.968750 0.000000 -127.875366 0.000000
-464.031250 397.032013 -240.968750 0.000000 -116.779175 0.000000
-719.711426 46.412949 -240.968750 0.000000 -6.047974 0.000000
-490.925873 -375.839844 -240.968750 0.000000 134.428711 0.000000
-651.508667 -537.165161 -240.968750 0.000000 -16.512451 0.000000
-665.481567 -808.310059 -240.968750 0.000000 23.917236 0.000000
-316.742065 -630.381348 -240.968750 0.000000 40.951538 0.000000
-33.027660 -664.545593 -240.968750 0.000000 -36.068115 0.000000
319.754913 -619.482910 -240.968750 0.000000 93.587036 0.000000
517.900635 -629.059082 -240.968750 0.000000 -4.048462 0.000000
726.128845 -804.159607 -240.968750 0.000000 102.260742 0.000000
660.392761 -460.137939 -240.968750 0.000000 99.739380 0.000000
464.031250 -399.968750 -240.968750 0.000000 149.271240 0.000000
716.175293 -51.078682 -240.968750 0.000000 171.035156 0.000000
474.471893 390.481689 -240.968750 0.000000 -74.190674 0.000000
642.111877 542.426819 -240.968750 0.000000 173.347778 0.000000
395.185638 714.944702 -240.968750 0.000000 152.633057 0.000000
130.466034 581.400391 -240.968750 0.000000 -131.539307 0.000000
8.957476 288.106903 -240.968750 0.000000 -94.575806 0.000000
280.069244 -11.823530 -240.968750 0.000000 -157.620850 0.000000
-4.246076 -237.714645 -240.968750 0.000000 114.252319 0.000000
-254.792786 6.965040 -240.968750 0.000000 5.795288 0.000000
