1070.045410 -928.242554 -80.768753 0.000000 0.000000 0.000000
517.891724 -657.968750 -67.568748 0.000000 0.000000 0.000000
1520.568726 -975.968750 -195.168747 0.000000 0.000000 0.000000
1237.378784 -299.968750 -212.768768 0.000000 0.000000 0.000000
732.568726 -48.011723 -195.168747 0.000000 0.000000 0.000000
1257.185181 -424.362885 14.649706 0.000000 0.000000 0.000000
348.516022 -751.136719 14.418516 0.000000 0.000000 0.000000
488.690704 -794.599670 -153.698212 0.000000 0.000000 0.000000
380.386719 -265.155975 -162.226761 0.000000 0.000000 0.000000
687.122253 -930.368652 -165.430786 0.000000 0.000000 0.000000
1172.630005 -497.561127 -85.168747 0.000000 0.000000 0.000000
506.529572 -496.080627 -85.168747 0.000000 0.000000 0.000000
499.571686 -60.463818 -80.768753 0.000000 0.000000 0.000000
1186.873047 -755.727966 -212.768768 0.000000 0.000000 0.000000
876.416199 -97.145638 -212.768768 0.000000 0.000000 0.000000
499.700989 -516.296204 -212.768768 0.000000 0.000000 0.000000
1137.846191 -511.220459 -212.768768 0.000000 0.000000 0.000000
