729.643372 -390.651703 -3.968750 0.000000 0.000000 0.000000
522.454041 -704.466553 -3.968750 0.000000 0.000000 0.000000
991.329102 -1229.377197 -3.968750 0.000000 0.000000 0.000000
935.949524 -723.920593 -3.968750 0.000000 0.000000 0.000000
802.673340 -1225.542847 -131.968750 0.000000 0.000000 0.000000
1069.158081 -1117.333862 -131.968750 0.000000 0.000000 0.000000
863.152283 -893.719543 -131.968750 0.000000 0.000000 0.000000
844.424622 -554.032959 -131.968750 0.000000 0.000000 0.000000
674.841187 -715.549377 -125.968750 0.000000 0.000000 0.000000
328.505463 -402.341400 -131.968750 0.000000 0.000000 0.000000
23.427647 -244.201492 -131.968750 0.000000 0.000000 0.000000
982.911499 -197.593643 -131.968750 0.000000 0.000000 0.000000
345.067902 -1078.552734 -131.968750 0.000000 0.000000 0.000000
8.258861 -1207.123779 -131.968750 0.000000 0.000000 0.000000
-334.337219 -1106.061035 -131.968750 0.000000 0.000000 0.000000
-1025.627075 -1196.648438 -131.968750 0.000000 0.000000 0.000000
-844.288818 -892.644470 -131.968750 0.000000 0.000000 0.000000
-666.628845 -708.810547 -125.968750 0.000000 0.000000 0.000000
-844.169128 -546.327576 -131.968750 0.000000 0.000000 0.000000
-1493.942627 -733.203735 -131.968750 0.000000 0.000000 0.000000
-1359.889038 -639.317871 -131.968750 0.000000 0.000000 0.000000
-1336.246582 -806.869080 -131.968750 0.000000 0.000000 0.000000
-1020.526184 -225.124756 -131.968750 0.000000 0.000000 0.000000
-254.330002 -92.039452 -131.968750 0.000000 0.000000 0.000000
1465.261475 -709.294922 -131.968750 0.000000 0.000000 0.000000
1287.059204 -600.018616 -131.968750 0.000000 0.000000 0.000000
1279.335327 -848.135193 -131.968750 0.000000 0.000000 0.000000
-573.245911 -727.359009 0.031250 0.000000 0.000000 0.000000
-1035.192383 -242.955414 -3.968750 0.000000 0.000000 0.000000
-1093.390625 -1139.971191 -3.968750 0.000000 0.000000 0.000000
-41.382332 -717.113098 -43.968750 0.000000 0.000000 0.000000
