691.000000 -878.000000 74.031250 0.000000 131.467896 0.000000
258.140472 -792.094971 78.715065 0.000000 46.181030 0.000000
-128.251083 -792.287354 79.031250 0.000000 68.109741 0.000000
-543.263123 -802.104614 74.031250 0.000000 127.891846 0.000000
-902.728638 -872.962341 81.483727 0.000000 40.924072 0.000000
-889.296692 -319.088501 81.555489 0.000000 51.756592 0.000000
-744.413513 48.909832 88.813049 0.000000 -13.068237 0.000000
-903.918213 246.791626 100.294411 0.000000 112.747192 0.000000
-906.750244 705.894714 71.410393 0.000000 -3.971558 0.000000
-857.618530 913.338501 74.031250 0.000000 -18.116455 0.000000
-376.273041 923.117798 67.569328 0.000000 -135.582275 0.000000
-103.011139 731.400391 97.961296 0.000000 -40.149536 0.000000
234.550201 933.686401 76.151451 0.000000 -39.726563 0.000000
680.468384 881.549255 69.091789 0.000000 -16.116943 0.000000
950.990662 891.692993 75.491096 0.000000 -127.062378 0.000000
931.436951 458.601379 93.049858 0.000000 -131.215210 0.000000
499.854065 -41.500694 115.413017 0.000000 167.838135 0.000000
169.630447 24.477890 91.192513 0.000000 168.887329 0.000000
78.745712 -147.515427 87.160416 0.000000 -107.501221 0.000000
12.330375 -446.971558 87.953979 0.000000 -101.563110 0.000000
-195.198013 -37.551193 76.439377 0.000000 156.901245 0.000000
-499.039398 -15.463020 108.947723 0.000000 151.171875 0.000000
9.794010 282.460632 107.591026 0.000000 63.731689 0.000000
-15.600170 574.318176 105.925331 0.000000 123.826904 0.000000
-440.931061 426.318604 357.946442 0.000000 139.235229 0.000000
-513.099487 498.008820 370.202789 0.000000 168.678589 0.000000
-970.974854 413.838684 334.650543 0.000000 19.209595 0.000000
-851.086182 397.786652 320.033203 0.000000 -63.127441 0.000000
-438.337280 -294.424500 333.162231 0.000000 66.318970 0.000000
-269.795380 -404.018188 338.560577 0.000000 -43.829956 0.000000
-360.150208 -434.615417 336.020416 0.000000 132.171021 0.000000
384.008514 -412.062683 348.714325 0.000000 176.984253 0.000000
567.932312 -378.426819 354.031250 0.000000 34.140015 0.000000
529.936584 -307.417480 351.664764 0.000000 57.502441 0.000000
361.196899 -287.545319 355.957794 0.000000 151.303711 0.000000
472.964111 300.908813 346.670624 0.000000 -41.550293 0.000000
326.230652 286.276001 325.944305 0.000000 -171.633911 0.000000
279.229004 394.324707 336.087952 0.000000 164.014893 0.000000
368.954498 426.144470 345.425507 0.000000 -10.755615 0.000000
515.549622 500.351440 364.031250 0.000000 33.299561 0.000000
-1046.553223 1033.724487 555.360291 0.000000 -65.950928 0.000000
-1065.441284 129.447800 574.310059 0.000000 -4.850464 0.000000
-1045.918091 -1054.041382 565.943970 0.000000 63.127441 0.000000
-266.837860 -1041.034424 556.341858 0.000000 84.737549 0.000000
107.118279 -1046.250732 554.444885 0.000000 65.390625 0.000000
1049.759888 -1004.522705 559.737610 0.000000 139.053955 0.000000
1043.878052 -196.085999 556.468079 0.000000 -175.407715 0.000000
1047.741333 433.660065 552.846619 0.000000 -160.680542 0.000000
1016.815491 1025.810669 535.610046 0.000000 -171.145020 0.000000
429.866882 1055.247559 553.051758 0.000000 -92.296143 0.000000
-98.187836 1041.477905 546.861694 0.000000 -67.000122 0.000000
