174.637802 -0.078102 96.031250 0.000000 0.000000 0.000000
-558.902954 3.779845 96.031250 0.000000 0.000000 0.000000
-98.652367 -14.514538 256.031250 0.000000 0.000000 0.000000
-399.925323 -0.169834 256.031250 0.000000 0.000000 0.000000
-590.379639 -400.217712 192.031250 0.000000 0.000000 0.000000
-608.245667 391.876587 192.031250 0.000000 0.000000 0.000000
93.298309 408.865936 192.031250 0.000000 0.000000 0.000000
77.101105 -400.834869 192.031250 0.000000 0.000000 0.000000
475.121094 107.590530 146.031250 0.000000 0.000000 0.000000
473.210266 -125.082527 146.031250 0.000000 0.000000 0.000000
-191.968750 -495.968750 4.739517 0.000000 0.000000 0.000000
390.671478 -12.836171 0.031250 0.000000 0.000000 0.000000
-258.101196 301.662018 0.031250 0.000000 0.000000 0.000000
-256.974792 -288.955688 0.031250 0.000000 0.000000 0.000000
-320.031250 495.968750 7.055229 0.000000 0.000000 0.000000
-891.307861 50.811176 3.979767 0.000000 0.000000 0.000000
-985.348511 121.501770 146.031250 0.000000 0.000000 0.000000
-982.104004 -115.878304 146.031250 0.000000 0.000000 0.000000
-246.678223 -495.922241 96.031250 0.000000 0.000000 0.000000
-228.423767 495.968750 96.031250 0.000000 0.000000 0.000000
195.955475 477.494904 96.031250 0.000000 0.000000 0.000000
-659.938721 472.893616 96.031250 0.000000 0.000000 0.000000
-655.398071 -478.036804 96.031250 0.000000 0.000000 0.000000
144.633652 -473.722137 96.031250 0.000000 0.000000 0.000000
