2031.968750 -277.403076 -694.366516 0.000000 -157.296753 0.000000
1977.082153 -683.927612 -693.001404 0.000000 163.421631 0.000000
1881.906250 -1129.266113 -677.237244 0.000000 134.708862 0.000000
1528.691406 -1068.357544 -674.249939 0.000000 131.500854 0.000000
1263.771240 -713.914917 -700.951843 0.000000 143.909912 0.000000
1174.471924 -347.008972 -661.234497 0.000000 168.519287 0.000000
1435.178101 -85.418404 -674.434326 0.000000 -156.560669 0.000000
1221.887451 -43.316322 -645.968750 0.000000 -108.028564 0.000000
944.274658 -58.204922 -644.541748 0.000000 -147.832031 0.000000
628.589844 -101.387466 -682.895935 0.000000 -128.221436 0.000000
555.575134 -429.119019 -710.266663 0.000000 -129.429932 0.000000
547.070557 -696.107605 -714.792175 0.000000 -6.498413 0.000000
497.817474 -1086.971313 -692.786865 0.000000 134.763794 0.000000
176.656601 -814.299927 -677.031433 0.000000 131.868896 0.000000
192.144852 -382.247589 -705.252808 0.000000 -168.552246 0.000000
-156.508499 -123.044983 -678.935181 0.000000 -126.644897 0.000000
-522.465332 -88.792267 -688.526978 0.000000 -107.188110 0.000000
-923.132751 -19.386633 -658.525330 0.000000 -51.926880 0.000000
-895.199646 -386.741302 -665.834290 0.000000 -40.572510 0.000000
-879.337830 -799.922852 -668.846497 0.000000 -0.922852 0.000000
-508.988251 -1071.192993 -688.062744 0.000000 34.716797 0.000000
-599.438599 -608.714844 -831.968750 0.000000 -15.276489 0.000000
-330.591919 -299.157837 -834.463806 0.000000 -155.758667 0.000000
-0.985365 -377.462799 -831.188599 0.000000 -65.478516 0.000000
397.433655 -188.746216 -822.583496 0.000000 -88.560791 0.000000
422.287872 -889.467468 -811.505249 0.000000 72.328491 0.000000
694.665161 -607.769897 -803.822632 0.000000 89.945068 0.000000
900.190369 -1079.960938 -822.119690 0.000000 120.421143 0.000000
1011.816467 -665.722046 -805.800842 0.000000 31.893311 0.000000
1412.009399 -901.545105 -831.968750 0.000000 53.662720 0.000000
1785.787598 -271.870667 -816.085083 0.000000 -171.095581 0.000000
1998.389404 -71.417206 -133.968750 0.000000 -108.561401 0.000000
2037.688965 -680.780762 -181.319748 0.000000 -123.706055 0.000000
2037.688965 -1153.258789 -181.319748 0.000000 -172.007446 0.000000
1309.384399 -1153.258789 -181.319748 0.000000 115.092773 0.000000
429.829315 -1153.258789 -181.319748 0.000000 93.900146 0.000000
-372.541565 -1153.287354 -181.319748 0.000000 59.672241 0.000000
-928.045715 -1117.114136 -153.968750 0.000000 61.935425 0.000000
-967.688721 -530.199646 -181.319748 0.000000 -8.728638 0.000000
-967.688721 -10.737130 -181.319748 0.000000 3.323364 0.000000
-476.858063 -10.737130 -181.319748 0.000000 -79.766235 0.000000
109.360435 -10.737130 -181.319748 0.000000 -71.718750 0.000000
762.870972 -10.737130 -181.319748 0.000000 -105.578613 0.000000
1668.240601 -10.737130 -181.319748 0.000000 -116.883545 0.000000
1685.641968 -563.390564 -828.252563 0.000000 -162.053833 0.000000
