-847.999268 -707.023499 0.031250 0.000000 0.000000 0.000000
-433.598236 -153.506393 0.031250 0.000000 0.000000 0.000000
691.366333 943.978638 0.031250 0.000000 0.000000 0.000000
624.044861 444.079773 0.031250 0.000000 0.000000 0.000000
52.024288 416.449951 0.031250 0.000000 0.000000 0.000000
-74.399765 919.380371 0.031250 0.000000 0.000000 0.000000
72.031250 -366.816956 0.031250 0.000000 0.000000 0.000000
826.758423 -884.924500 0.031250 0.000000 0.000000 0.000000
-99.811195 -723.352051 0.031250 0.000000 0.000000 0.000000
-657.272278 -905.296570 0.031250 0.000000 0.000000 0.000000
-474.347260 -666.706299 0.031250 0.000000 0.000000 0.000000
-285.099945 191.723267 0.031250 0.000000 0.000000 0.000000
