-479.319305 -346.188293 256.031250 0.000000 0.000000 0.000000
-375.153809 57.789165 256.031250 0.000000 0.000000 0.000000
-57.793209 80.931259 216.031250 0.000000 0.000000 0.000000
-64.034508 -0.265878 128.031250 0.000000 0.000000 0.000000
-167.354858 -448.716858 216.031250 0.000000 0.000000 0.000000
-213.461060 -331.371643 128.031250 0.000000 0.000000 0.000000
183.109543 -351.491882 256.031250 0.000000 0.000000 0.000000
139.931580 43.863850 256.031250 0.000000 0.000000 0.000000
-727.182312 -440.954803 128.031250 0.000000 0.000000 0.000000
-552.085144 -214.187454 128.031250 0.000000 0.000000 0.000000
-751.968750 -56.484768 141.884628 0.000000 0.000000 0.000000
-751.968750 61.807976 140.687637 0.000000 0.000000 0.000000
495.968750 52.730381 268.031250 0.000000 0.000000 0.000000
495.987213 -526.633667 268.031250 0.000000 0.000000 0.000000
272.031250 -158.680542 128.031250 0.000000 0.000000 0.000000
458.724701 -338.401123 128.031250 0.000000 0.000000 0.000000
307.607361 -208.031250 128.031250 0.000000 0.000000 0.000000
-751.989685 -701.640503 268.031250 0.000000 0.000000 0.000000
-751.999268 323.643799 268.031250 0.000000 0.000000 0.000000
-528.031250 -159.968750 128.031250 0.000000 0.000000 0.000000
444.527893 32.031250 128.031250 0.000000 0.000000 0.000000
272.031250 27.812572 128.031250 0.000000 0.000000 0.000000
-699.403809 -339.628845 128.031250 0.000000 0.000000 0.000000
-529.165222 -376.902069 128.031250 0.000000 0.000000 0.000000
-727.297607 367.968750 139.227921 0.000000 0.000000 0.000000
-223.968750 -101.524330 128.031250 0.000000 0.000000 0.000000
42.464027 -192.902557 256.031250 0.000000 0.000000 0.000000
-262.473236 -184.145264 256.031250 0.000000 0.000000 0.000000
