1251.753418 706.461304 32.031250 0.000000 0.000000 0.000000
530.134583 829.112122 -447.964386 0.000000 0.000000 0.000000
460.805237 432.938965 -447.968750 0.000000 0.000000 0.000000
428.652618 68.412689 -447.968750 0.000000 0.000000 0.000000
644.799622 249.644577 -447.968750 0.000000 0.000000 0.000000
652.664917 128.137405 -127.968750 0.000000 0.000000 0.000000
633.651794 175.349640 192.031250 0.000000 0.000000 0.000000
1216.301270 -407.968750 192.031250 0.000000 0.000000 0.000000
1445.010620 56.359665 144.031250 0.000000 0.000000 0.000000
1453.539795 731.845764 144.031250 0.000000 0.000000 0.000000
1232.812988 -561.494385 200.031250 0.000000 0.000000 0.000000
583.392395 -941.677429 32.092770 0.000000 0.000000 0.000000
-106.425652 -947.842834 -57.700089 0.000000 0.000000 0.000000
-455.968750 -953.537231 -95.790268 0.000000 0.000000 0.000000
236.855255 -970.457520 -447.978058 0.000000 0.000000 0.000000
-417.523285 367.968750 -191.536743 0.000000 0.000000 0.000000
427.046844 -638.049805 160.031250 0.000000 0.000000 0.000000
-285.195038 170.337799 200.031250 0.000000 0.000000 0.000000
-31.968750 67.508514 360.031250 0.000000 0.000000 0.000000
-264.870728 187.028976 360.031250 0.000000 0.000000 0.000000
-23.211517 351.369263 192.031250 0.000000 0.000000 0.000000
318.309357 -790.891357 -135.968750 0.000000 0.000000 0.000000
431.968750 141.749176 32.031250 0.000000 0.000000 0.000000
582.854675 422.835480 32.031250 0.000000 0.000000 0.000000
143.432907 580.780151 427.935669 0.000000 0.000000 0.000000
461.282043 408.791382 544.596008 0.000000 0.000000 0.000000
-117.923210 -390.781311 -447.978058 0.000000 0.000000 0.000000
-12.767867 137.658676 480.031250 0.000000 0.000000 0.000000
204.149689 -941.059509 32.031250 0.000000 0.000000 0.000000
