-13.762733 1282.496582 116.031250 0.000000 0.000000 0.000000
-543.699280 1337.914917 116.031250 0.000000 0.000000 0.000000
-1284.979370 1457.563477 116.031250 0.000000 0.000000 0.000000
-718.971558 1907.560425 116.031250 0.000000 0.000000 0.000000
-721.031006 2345.664062 186.031250 0.000000 0.000000 0.000000
-1211.968750 2144.968750 116.031250 0.000000 0.000000 0.000000
-510.968750 1869.002319 116.031250 0.000000 0.000000 0.000000
-496.968750 2509.968750 116.031250 0.000000 0.000000 0.000000
-1273.246826 3232.031250 116.031250 0.000000 0.000000 0.000000
-893.432617 3300.878174 232.031250 0.000000 0.000000 0.000000
-380.787079 3364.676514 116.031250 0.000000 0.000000 0.000000
-223.448578 2356.016113 335.031250 0.000000 0.000000 0.000000
-1177.870239 1972.360962 335.031250 0.000000 0.000000 0.000000
-801.835327 2470.342773 301.031250 0.000000 0.000000 0.000000
41.418171 2260.200439 16.031250 0.000000 0.000000 0.000000
-1462.968750 2388.031250 16.031250 0.000000 0.000000 0.000000
-936.015747 2509.968750 116.031250 0.000000 0.000000 0.000000
