66.317482 165.621857 -186.704437 0.000000 0.000000 0.000000
-103.162132 359.853302 -213.425308 0.000000 0.000000 0.000000
-343.172943 353.331116 -216.253799 0.000000 0.000000 0.000000
-378.304871 712.872742 -202.259598 0.000000 0.000000 0.000000
-356.409729 952.363770 -206.265640 0.000000 0.000000 0.000000
60.365635 1262.263184 -221.720932 0.000000 0.000000 0.000000
710.748474 1254.528687 -220.550583 0.000000 0.000000 0.000000
1112.647583 1055.195435 -221.003311 0.000000 0.000000 0.000000
1124.580566 677.944214 -193.967834 0.000000 0.000000 0.000000
722.887939 169.703690 -215.255875 0.000000 0.000000 0.000000
-165.237305 11.061003 -214.869537 0.000000 0.000000 0.000000
900.753906 1396.166748 -217.361938 0.000000 0.000000 0.000000
372.375366 1564.966797 -37.594929 0.000000 0.000000 0.000000
379.880920 -214.488739 -46.164719 0.000000 0.000000 0.000000
-229.676178 -211.584869 -43.649643 0.000000 0.000000 0.000000
1153.475342 -59.668526 -43.385220 0.000000 0.000000 0.000000
1133.135498 1462.819336 -36.744194 0.000000 0.000000 0.000000
-340.735107 1462.149292 -43.428246 0.000000 0.000000 0.000000
359.616608 563.560791 -219.247681 0.000000 0.000000 0.000000
270.288208 887.401062 -222.238205 0.000000 0.000000 0.000000
1017.016785 215.115662 -102.905235 0.000000 0.000000 0.000000
-208.664368 214.478424 -108.424866 0.000000 0.000000 0.000000
-208.072708 1194.719604 -103.594666 0.000000 0.000000 0.000000
979.326599 1191.893555 -110.157738 0.000000 0.000000 0.000000
418.446716 -208.424332 -201.303131 0.000000 0.000000 0.000000
384.214569 1589.536499 -219.477737 0.000000 0.000000 0.000000
