-1204.293213 536.031250 -255.968750 0.000000 0.000000 0.000000
-1647.968750 720.863586 -231.968750 0.000000 0.000000 0.000000
-1172.479736 1034.449097 -199.968750 0.000000 0.000000 0.000000
-1513.453613 792.031250 -255.968750 0.000000 0.000000 0.000000
-1127.114746 1510.899780 -207.968750 0.000000 0.000000 0.000000
-786.167725 1517.522461 -207.968750 0.000000 0.000000 0.000000
111.968750 1328.005493 -255.968750 0.000000 0.000000 0.000000
111.841507 1072.031250 -255.968750 0.000000 0.000000 0.000000
-367.968750 1048.140869 -199.968750 0.000000 0.000000 0.000000
96.331322 800.833923 -231.968750 0.000000 0.000000 0.000000
-367.968750 592.877380 -191.968750 0.000000 0.000000 0.000000
-815.968750 513.372070 -255.968750 0.000000 0.000000 0.000000
-549.506287 811.423950 -255.968750 0.000000 0.000000 0.000000
-1002.388489 735.175964 -255.968750 0.000000 0.000000 0.000000
-797.938843 990.157104 -255.968750 0.000000 0.000000 0.000000
-1646.852905 1328.031250 -255.968750 0.000000 0.000000 0.000000
-1647.968750 1072.031250 -255.968750 0.000000 0.000000 0.000000
110.568291 738.526306 -231.968750 0.000000 0.000000 0.000000
111.958611 463.968750 -255.968750 0.000000 0.000000 0.000000
-388.690216 33.175049 -207.968750 0.000000 0.000000 0.000000
-788.287781 27.280933 -207.968750 0.000000 0.000000 0.000000
-1216.296997 16.031250 -219.968750 0.000000 0.000000 0.000000
-1647.987183 207.968750 -255.968750 0.000000 0.000000 0.000000
