199.748413 -602.482117 6.432681 0.000000 0.000000 0.000000
-193.641525 -807.136414 27.267508 0.000000 0.000000 0.000000
-441.390198 -781.855347 8.091136 0.000000 0.000000 0.000000
-707.706543 -547.572144 72.833488 0.000000 0.000000 0.000000
-538.500122 317.908600 6.275357 0.000000 0.000000 0.000000
-84.672272 318.435883 1.566260 0.000000 0.000000 0.000000
24.346220 252.691437 6.163916 0.000000 0.000000 0.000000
33.707497 -324.859253 1.967575 0.000000 0.000000 0.000000
-413.879822 -319.007843 6.677938 0.000000 0.000000 0.000000
-544.213684 -225.016022 8.872315 0.000000 0.000000 0.000000
-309.999725 793.013672 24.765942 0.000000 0.000000 0.000000
-192.139160 776.135803 29.297169 0.000000 0.000000 0.000000
-702.088379 616.707031 1.742550 0.000000 0.000000 0.000000
192.145523 539.955505 72.381577 0.000000 0.000000 0.000000
828.034485 -372.108887 117.906364 0.000000 0.000000 0.000000
-1330.228149 445.848877 116.149788 0.000000 0.000000 0.000000
-1337.225220 -424.634277 116.075630 0.000000 0.000000 0.000000
822.838562 -438.370880 113.958412 0.000000 0.000000 0.000000
-813.651001 -304.158295 6.662533 0.000000 0.000000 0.000000
-827.733887 344.677704 5.697488 0.000000 0.000000 0.000000
294.881714 441.558929 4.305141 0.000000 0.000000 0.000000
320.316742 -337.415588 6.361897 0.000000 0.000000 0.000000
104.664940 22.649731 1.158441 0.000000 0.000000 0.000000
-639.656006 1.200506 4.456548 0.000000 0.000000 0.000000
