1057.354492 794.400879 -288.968750 0.000000 0.000000 0.000000
750.017334 695.723694 -288.968750 0.000000 0.000000 0.000000
190.761032 439.717102 -288.968750 0.000000 0.000000 0.000000
-213.942886 470.930267 -288.968750 0.000000 0.000000 0.000000
-830.946899 613.833740 -288.968750 0.000000 0.000000 0.000000
-543.233765 604.753052 -288.968750 0.000000 0.000000 0.000000
-586.108398 824.804382 -288.968750 0.000000 0.000000 0.000000
-461.946350 -212.950790 -288.968750 0.000000 0.000000 0.000000
-709.137939 -676.551636 -288.968750 0.000000 0.000000 0.000000
-660.305054 -719.827148 -288.968750 0.000000 0.000000 0.000000
53.155621 -1174.790771 -288.968750 0.000000 0.000000 0.000000
625.443237 -856.984009 -288.968750 0.000000 0.000000 0.000000
493.569489 -554.478760 -288.968750 0.000000 0.000000 0.000000
842.967468 -606.163025 -288.968750 0.000000 0.000000 0.000000
198.919968 -453.026215 -288.968750 0.000000 0.000000 0.000000
460.934326 198.110916 -288.968750 0.000000 0.000000 0.000000
678.724670 748.266113 -288.968750 0.000000 0.000000 0.000000
-41.105808 1166.743164 -288.968750 0.000000 0.000000 0.000000
11.110624 -787.109985 95.031250 0.000000 0.000000 0.000000
799.986572 21.499805 95.031250 0.000000 0.000000 0.000000
-2.305777 799.472656 95.031250 0.000000 0.000000 0.000000
-786.744995 -12.507413 95.031250 0.000000 0.000000 0.000000
-309.523712 -5.161711 -32.968750 0.000000 0.000000 0.000000
7.594129 322.131317 -32.968750 0.000000 0.000000 0.000000
312.503754 -5.564390 -32.968750 0.000000 0.000000 0.000000
4.789658 -340.601471 -32.968750 0.000000 0.000000 0.000000
