-385.248230 251.349808 253.261307 0.000000 0.000000 0.000000
-182.303314 105.822830 146.578659 0.000000 0.000000 0.000000
-49.500401 102.682365 146.578659 0.000000 0.000000 0.000000
117.197472 117.995392 146.578659 0.000000 0.000000 0.000000
163.169952 -123.260765 138.827026 0.000000 0.000000 0.000000
-71.143677 -122.519440 138.827026 0.000000 0.000000 0.000000
369.140930 -22.093370 141.518570 0.000000 0.000000 0.000000
422.556458 -214.125458 207.781479 0.000000 0.000000 0.000000
380.349915 -384.072235 300.167328 0.000000 0.000000 0.000000
402.563080 -573.231323 362.289032 0.000000 0.000000 0.000000
-612.134949 -595.996765 402.956909 0.000000 0.000000 0.000000
-805.725220 -385.919159 388.006805 0.000000 0.000000 0.000000
563.428955 -603.657043 388.016235 0.000000 0.000000 0.000000
817.403442 -450.743073 391.369598 0.000000 0.000000 0.000000
818.037048 373.038971 387.922028 0.000000 0.000000 0.000000
637.654846 571.419861 384.486237 0.000000 0.000000 0.000000
-623.601868 581.955750 384.263519 0.000000 0.000000 0.000000
-802.491089 378.134186 373.858154 0.000000 0.000000 0.000000
-395.843903 370.028534 336.931427 0.000000 0.000000 0.000000
408.253571 375.971832 294.850922 0.000000 0.000000 0.000000
-394.678284 -378.899628 339.687805 0.000000 0.000000 0.000000
-10.038292 353.733948 265.641724 0.000000 0.000000 0.000000
-12.740679 -354.053009 227.066193 0.000000 0.000000 0.000000
-7.717548 -211.462662 387.568787 0.000000 0.000000 0.000000
-9.480930 191.604095 375.366760 0.000000 0.000000 0.000000
