-384.109619 -755.879211 -253.249191 0.000000 0.000000 0.000000
0.747481 -757.953247 -249.715668 0.000000 0.000000 0.000000
362.312714 -758.335815 -252.702530 0.000000 0.000000 0.000000
827.393616 -580.509094 -250.798523 0.000000 0.000000 0.000000
797.030212 160.778961 -243.348358 0.000000 0.000000 0.000000
823.415527 593.930420 -252.364883 0.000000 0.000000 0.000000
382.379639 769.725342 -253.720993 0.000000 0.000000 0.000000
40.376282 751.452820 -247.967850 0.000000 0.000000 0.000000
-382.984192 756.283508 -244.614548 0.000000 0.000000 0.000000
-829.332703 590.444702 -250.190842 0.000000 0.000000 0.000000
-779.295471 -152.974243 -248.524368 0.000000 0.000000 0.000000
-825.258484 -598.796021 -251.872025 0.000000 0.000000 0.000000
-508.938232 -324.611664 -251.970810 0.000000 0.000000 0.000000
-476.008972 -188.752518 -250.014465 0.000000 0.000000 0.000000
-148.479111 166.483917 -253.222504 0.000000 0.000000 0.000000
488.610352 332.700836 -254.913162 0.000000 0.000000 0.000000
497.409332 -335.205536 -253.140366 0.000000 0.000000 0.000000
16.582472 -18.592607 -91.355988 0.000000 0.000000 0.000000
-824.235168 10.691282 -50.980106 0.000000 0.000000 0.000000
823.020569 0.513289 -46.146446 0.000000 0.000000 0.000000
-493.818298 340.459930 -243.048843 0.000000 0.000000 0.000000
