628.993652 -70.034348 -333.968750 0.000000 0.000000 0.000000
283.179565 -98.060760 -333.968750 0.000000 0.000000 0.000000
488.634613 192.194351 -333.968750 0.000000 0.000000 0.000000
95.543488 -111.136604 -333.968750 0.000000 0.000000 0.000000
-55.223591 84.155556 -333.968750 0.000000 0.000000 0.000000
-288.304199 -95.748764 -333.968750 0.000000 0.000000 0.000000
-663.413513 -54.160469 -333.968750 0.000000 0.000000 0.000000
-658.658691 117.272736 -333.968750 0.000000 0.000000 0.000000
-755.008423 614.623596 -333.968750 0.000000 0.000000 0.000000
-615.795837 989.491821 -333.968750 0.000000 0.000000 0.000000
-705.830566 1276.470825 -333.968750 0.000000 0.000000 0.000000
-379.150421 1157.160278 -333.968750 0.000000 0.000000 0.000000
-374.057831 659.109497 -461.968750 0.000000 0.000000 0.000000
-407.795654 1370.837158 -333.968750 0.000000 0.000000 0.000000
-186.433975 1287.484497 -333.968750 0.000000 0.000000 0.000000
47.537251 1418.858276 -333.968750 0.000000 0.000000 0.000000
8.946719 1073.624756 -333.968750 0.000000 0.000000 0.000000
416.550079 1306.990112 -333.968750 0.000000 0.000000 0.000000
737.968750 1039.999268 -333.968750 0.000000 0.000000 0.000000
661.834290 170.731110 -333.968750 0.000000 0.000000 0.000000
338.397369 1033.243286 -333.968750 0.000000 0.000000 0.000000
-254.998871 582.268250 -325.976318 0.000000 0.000000 0.000000
