2.891921 1321.968750 0.031250 0.000000 0.000000 0.000000
-346.099976 1021.968750 0.031250 0.000000 0.000000 0.000000
353.560059 1021.336731 0.031250 0.000000 0.000000 0.000000
191.921066 619.082703 -207.968750 0.000000 0.000000 0.000000
-153.251694 617.829224 -207.968750 0.000000 0.000000 0.000000
-197.770844 -605.914978 -207.968750 0.000000 0.000000 0.000000
158.815445 -616.623901 -207.968750 0.000000 0.000000 0.000000
-7.403085 -1321.826050 0.031250 0.000000 0.000000 0.000000
328.083191 -1020.110596 0.031250 0.000000 0.000000 0.000000
-351.946381 -1018.972168 0.031250 0.000000 0.000000 0.000000
395.968750 -238.122269 0.031250 0.000000 0.000000 0.000000
-395.968750 -231.475204 0.031250 0.000000 0.000000 0.000000
-395.998444 228.082611 0.031250 0.000000 0.000000 0.000000
395.923279 223.673248 0.031250 0.000000 0.000000 0.000000
445.782898 301.266815 -207.968750 0.000000 0.000000 0.000000
-143.968750 175.968750 -207.968750 0.000000 0.000000 0.000000
-436.188141 -175.968750 -207.968750 0.000000 0.000000 0.000000
138.298813 -272.031250 -207.968750 0.000000 0.000000 0.000000
432.031250 -163.533875 -207.968750 0.000000 0.000000 0.000000
-436.785583 278.658112 -207.968750 0.000000 0.000000 0.000000
1.548594 -48.031250 -207.968750 0.000000 0.000000 0.000000
-0.838017 48.328709 -207.968750 0.000000 0.000000 0.000000
10.218444 -448.031250 0.031250 0.000000 0.000000 0.000000
-1.642186 -319.968750 64.031250 0.000000 0.000000 0.000000
0.005452 303.566376 64.031250 0.000000 0.000000 0.000000
-0.001470 459.222046 0.031250 0.000000 0.000000 0.000000
-528.031250 131.917953 0.031250 0.000000 0.000000 0.000000
-528.031250 -135.140640 0.031250 0.000000 0.000000 0.000000
528.031250 -137.865295 0.031250 0.000000 0.000000 0.000000
533.010925 148.749191 0.031250 0.000000 0.000000 0.000000
-440.729370 -1.883372 224.031250 0.000000 0.000000 0.000000
433.973236 2.228108 224.031250 0.000000 0.000000 0.000000
