480.550171 425.634399 112.155243 0.000000 0.000000 0.000000
206.456680 427.358948 78.956100 0.000000 0.000000 0.000000
1.154488 -5.868520 78.662834 0.000000 0.000000 0.000000
-626.272217 176.822540 76.974007 0.000000 0.000000 0.000000
-297.051147 -163.338623 80.691635 0.000000 0.000000 0.000000
-230.746872 -429.900421 75.758247 0.000000 0.000000 0.000000
-490.879120 -424.932709 68.689499 0.000000 0.000000 0.000000
-669.941284 168.282196 227.175919 0.000000 0.000000 0.000000
-621.640198 430.181976 179.579117 0.000000 0.000000 0.000000
306.386292 438.751343 180.910843 0.000000 0.000000 0.000000
692.862183 202.522339 197.073639 0.000000 0.000000 0.000000
623.520386 -417.796783 179.423462 0.000000 0.000000 0.000000
-343.701019 -425.922546 186.938370 0.000000 0.000000 0.000000
-452.982574 1.087223 317.102783 0.000000 0.000000 0.000000
412.117981 16.068150 302.069824 0.000000 0.000000 0.000000
352.254242 -37.432087 193.267807 0.000000 0.000000 0.000000
-364.169464 5.426705 193.359451 0.000000 0.000000 0.000000
477.131897 151.935272 74.018707 0.000000 0.000000 0.000000
212.926468 -174.457123 68.379616 0.000000 0.000000 0.000000
-304.603455 214.557129 188.806458 0.000000 0.000000 0.000000
267.993103 -197.871323 186.903931 0.000000 0.000000 0.000000
885.105835 -120.381653 64.031250 0.000000 0.000000 0.000000
896.419250 176.494583 64.031250 0.000000 0.000000 0.000000
-939.579163 141.576706 64.031250 0.000000 0.000000 0.000000
-910.039795 -179.942245 64.031250 0.000000 0.000000 0.000000
-440.007141 -179.468323 185.031250 0.000000 0.000000 0.000000
633.084351 -96.554985 185.031250 0.000000 0.000000 0.000000
