429.916199 313.894104 -118.438057 0.000000 0.000000 0.000000
408.792877 -47.000038 -109.384140 0.000000 0.000000 0.000000
-615.350342 -494.223083 -108.972244 0.000000 0.000000 0.000000
-965.134705 569.602722 -115.961655 0.000000 0.000000 0.000000
-949.658325 -325.113647 -115.272766 0.000000 0.000000 0.000000
-935.118042 1240.053955 -114.011475 0.000000 0.000000 0.000000
-514.417786 1585.063599 12.893352 0.000000 0.000000 0.000000
398.305756 1561.025879 155.500885 0.000000 0.000000 0.000000
-191.372604 1795.642212 45.437851 0.000000 0.000000 0.000000
-691.625000 214.624649 171.794403 0.000000 0.000000 0.000000
811.317932 960.454102 187.015121 0.000000 0.000000 0.000000
828.584839 -1041.111816 143.304886 0.000000 0.000000 0.000000
374.641998 -1285.866577 161.078537 0.000000 0.000000 0.000000
-210.437592 -1538.885986 19.382374 0.000000 0.000000 0.000000
-906.440796 -603.437378 137.147079 0.000000 0.000000 0.000000
-927.268677 881.753479 139.468384 0.000000 0.000000 0.000000
348.694305 584.362854 16.467499 0.000000 0.000000 0.000000
314.274811 -295.650482 17.831264 0.000000 0.000000 0.000000
-43.653793 -768.466614 141.086853 0.000000 0.000000 0.000000
-74.393211 983.889282 144.269058 0.000000 0.000000 0.000000
389.973999 -1034.446411 140.459137 0.000000 0.000000 0.000000
383.755310 1275.194336 146.705643 0.000000 0.000000 0.000000
783.399170 142.838943 135.479950 0.000000 0.000000 0.000000
-641.447266 885.744812 -117.841858 0.000000 0.000000 0.000000
-489.754242 -1326.169067 10.590015 0.000000 0.000000 0.000000
