893.293762 -1860.550781 -2911.968750 0.000000 0.000000 0.000000
1888.897339 -1483.041870 -2911.968750 0.000000 0.000000 0.000000
2296.416504 -688.562561 -2911.968750 0.000000 0.000000 0.000000
2327.550781 -7.588566 -2911.968750 0.000000 0.000000 0.000000
1811.905518 747.964233 -2911.968750 0.000000 0.000000 0.000000
1056 976.310059 -2911.968750 0.000000 0.000000 0.000000
-424.451599 -1719.289429 -2911.968750 0.000000 0.000000 0.000000
-1194.478882 -642.852234 -2911.968750 0.000000 0.000000 0.000000
-1059.990967 268.119202 -2911.968750 0.000000 0.000000 0.000000
-268.495331 944.976746 -2911.968750 0.000000 0.000000 0.000000
583.201233 -323.878448 -2869.968750 0.000000 0.000000 0.000000
289.237457 -68.272171 -2863.968750 0.000000 0.000000 0.000000
737.706604 -149.993164 -2863.968750 0.000000 0.000000 0.000000
959.191284 -561.065491 -2863.968750 0.000000 0.000000 0.000000
478.601013 -495.634399 -2863.968750 0.000000 0.000000 0.000000
82.172768 -83.660378 -2863.968750 0.000000 0.000000 0.000000
102.427048 -553.933777 -2863.968750 0.000000 0.000000 0.000000
1130.807983 -579.195801 -2863.968750 0.000000 0.000000 0.000000
1147.135254 -63.075058 -2863.968750 0.000000 0.000000 0.000000
572.484375 -1273.662720 -2751.968750 0.000000 0.000000 0.000000
584.198242 570.771545 -2751.968750 0.000000 0.000000 0.000000
528.724670 1111.894653 -2911.968750 0.000000 0.000000 0.000000
118.079697 172.269928 -3103.968750 0.000000 0.000000 0.000000
435.374695 -28.429958 -3103.968750 0.000000 0.000000 0.000000
1014.660278 -180.933899 -3103.968750 0.000000 0.000000 0.000000
725.361938 -612.867859 -3103.968750 0.000000 0.000000 0.000000
134.642426 -764.169739 -3103.968750 0.000000 0.000000 0.000000
856.353149 -937.569824 -3103.968750 0.000000 0.000000 0.000000
532.850159 -1762.835449 -2911.968750 0.000000 0.000000 0.000000
-1087.780029 -132.758972 -2911.968750 0.000000 0.000000 0.000000
2220.965332 -314.751434 -2911.968750 0.000000 0.000000 0.000000
