-750.968750 765.971802 192.031250 0.000000 4.487915 0.000000
-193.652771 775.318665 504.031250 0.000000 3.164063 0.000000
-687.968750 208.031250 1.031250 0.000000 0.791016 0.000000
-687.968750 495.968750 1.031250 0.000000 358.154297 0.000000
560.031250 764.027588 1.031250 0.000000 358.286133 0.000000
592.031250 -8.020359 128.012939 0.000000 8.311157 0.000000
464.031250 -878.968750 192.031250 0.000000 1.384277 0.000000
-623.968750 -111.968750 1.031250 0.000000 0.988770 0.000000
-687.968750 -208.031250 1.031250 0.000000 4.685669 0.000000
-686.968750 23.452459 440.031250 0.000000 358.022461 0.000000
559.968750 815.968750 136.031250 0.000000 357.330322 0.000000
-375.968750 -815.473511 1.031250 0.000000 2.471924 0.000000
513.537048 183.892990 1.031250 0.000000 359.967041 0.000000
-687.952087 769.805298 1.031250 0.000000 359.571533 0.000000
-367.968750 -687.472839 128.012939 0.000000 8.475952 0.000000
-238.481979 185.345871 1.031250 0.000000 358.121338 0.000000
-611.527710 672.652466 504.031250 0.000000 1.554565 0.000000
