768.250610 2092.862793 -63.968750 0.000000 0.000000 0.000000
-768.472656 2092.705566 -63.968750 0.000000 0.000000 0.000000
-52.089653 2920.508301 -63.968750 0.000000 0.000000 0.000000
-702.363159 1808.865112 -63.997330 0.000000 0.000000 0.000000
-1341.874512 1403.467041 -63.993660 0.000000 0.000000 0.000000
-1776.506592 780.450073 -63.968750 0.000000 0.000000 0.000000
-1946.817261 38.490265 -63.998421 0.000000 0.000000 0.000000
-1808.838135 -702.381287 -63.999237 0.000000 0.000000 0.000000
-1403.466919 -1341.874512 -63.995857 0.000000 0.000000 0.000000
-780.010254 -1776.688232 -63.998646 0.000000 0.000000 0.000000
-38.490524 -1946.817505 -63.994019 0.000000 0.000000 0.000000
-768.400818 -2092.593506 -63.968750 0.000000 0.000000 0.000000
-4.410604 -2945.493896 -63.968750 0.000000 0.000000 0.000000
767.583618 -2093.139404 -63.968750 0.000000 0.000000 0.000000
702.369263 -1808.875122 -63.998013 0.000000 0.000000 0.000000
1341.874634 -1403.466797 -63.998688 0.000000 0.000000 0.000000
1776.688232 -780.010376 -63.998165 0.000000 0.000000 0.000000
1946.820068 -38.458481 -63.999470 0.000000 0.000000 0.000000
1808.839355 702.377686 -63.999931 0.000000 0.000000 0.000000
1403.446045 1341.898926 -63.999382 0.000000 0.000000 0.000000
780.010437 1776.688354 -63.997643 0.000000 0.000000 0.000000
38.461311 1946.819580 -63.998215 0.000000 0.000000 0.000000
455.390320 480.640411 -59.467594 0.000000 0.000000 0.000000
417.457458 -486.633423 -57.420158 0.000000 0.000000 0.000000
-494.965454 -408.947021 -60.985867 0.000000 0.000000 0.000000
-484.272705 448.837006 -61.300163 0.000000 0.000000 0.000000
-982.122925 964.921692 244.426758 0.000000 0.000000 0.000000
33.150879 1344.921021 250.812500 0.000000 0.000000 0.000000
973.700989 917.989746 249.338928 0.000000 0.000000 0.000000
1300.798828 -3.664834 251.670349 0.000000 0.000000 0.000000
929.052673 -964.904419 248.406799 0.000000 0.000000 0.000000
-40.090950 -1339.678467 247.732666 0.000000 0.000000 0.000000
-984.574402 -919.638123 250.967529 0.000000 0.000000 0.000000
-1303.558594 9.282413 254.166504 0.000000 0.000000 0.000000
