862.734131 99.377075 -464.026978 0.000000 0.000000 0.000000
-809.607971 233.529465 -467.551575 0.000000 0.000000 0.000000
-79.265358 -869.042358 -487.142822 0.000000 0.000000 0.000000
-2.372792 -288.429230 -244.026581 0.000000 0.000000 0.000000
-7.831849 817.060303 -81.186508 0.000000 0.000000 0.000000
364.639893 -779.768860 397.766907 0.000000 0.000000 0.000000
175.544739 643.665161 -441.182648 0.000000 0.000000 0.000000
-857.805847 2.015302 -72.804108 0.000000 0.000000 0.000000
-420.514496 483.083954 -423.142944 0.000000 0.000000 0.000000
-682.563965 -485.318878 -407.036224 0.000000 0.000000 0.000000
