991.674316 -756.661255 -849.191162 0.000000 0.000000 0.000000
207.154526 -1000.790894 -697.668091 0.000000 0.000000 0.000000
-347.913971 -1030.378418 -493.305573 0.000000 0.000000 0.000000
-933.767151 -323.136658 -846.011230 0.000000 0.000000 0.000000
-885.308411 113.083069 -837.007690 0.000000 0.000000 0.000000
-1290.646851 379.167786 -844.413147 0.000000 0.000000 0.000000
-1141.677734 885.139099 -847.733887 0.000000 0.000000 0.000000
-756.814880 570.067139 -837.368408 0.000000 0.000000 0.000000
-70.707664 813.029419 -839.743042 0.000000 0.000000 0.000000
-300.630890 803.153320 -845.161194 0.000000 0.000000 0.000000
-319.898529 -115.387360 -846.921204 0.000000 0.000000 0.000000
81.052139 -98.793915 -850.572510 0.000000 0.000000 0.000000
302.082428 -93.559738 -848.352356 0.000000 0.000000 0.000000
299.783783 806.872925 -847.704407 0.000000 0.000000 0.000000
453.064362 1732.194946 -842.319824 0.000000 0.000000 0.000000
949.370422 1638.943970 -842.279419 0.000000 0.000000 0.000000
1017.517700 969.141724 -838.809631 0.000000 0.000000 0.000000
1174.909302 561.874023 -844.404419 0.000000 0.000000 0.000000
1265.110840 -24.492207 -844.367371 0.000000 0.000000 0.000000
34.945854 -311.130920 -835.341431 0.000000 0.000000 0.000000
138.599243 -868.382935 -839.222961 0.000000 0.000000 0.000000
-60.464821 1024.265869 -844.718567 0.000000 0.000000 0.000000
-116.023666 1573.211060 -844.822021 0.000000 0.000000 0.000000
1569.719360 386.988312 -841.003723 0.000000 0.000000 0.000000
1569.945557 -187.735855 -842.686951 0.000000 0.000000 0.000000
-1505.950928 31.556540 -845.974915 0.000000 0.000000 0.000000
-1497.526978 567.730469 -848.269531 0.000000 0.000000 0.000000
-106.473785 1738.286255 -666.170776 0.000000 0.000000 0.000000
363.908905 1710.438721 -512.024658 0.000000 0.000000 0.000000
552.158936 348.348389 -730.585815 0.000000 0.000000 0.000000
-540.842041 372.820526 -732.011963 0.000000 0.000000 0.000000
