-1837.161621 710.420593 10.985361 0.000000 0.000000 0.000000
-1265.964233 1066.430664 7.192862 0.000000 0.000000 0.000000
-785.013550 1059.559204 6.870056 0.000000 0.000000 0.000000
-284.784790 978.562622 6.533602 0.000000 0.000000 0.000000
18.274216 939.273926 -1.877591 0.000000 0.000000 0.000000
142.887558 528.448242 16.990168 0.000000 0.000000 0.000000
295.180359 85.078285 9.692949 0.000000 0.000000 0.000000
311.277008 -499.729218 8.151411 0.000000 0.000000 0.000000
117.048515 -363.398499 9.149593 0.000000 0.000000 0.000000
-182.542816 -842.873108 7.423295 0.000000 0.000000 0.000000
-720.095093 -958.735229 4.964810 0.000000 0.000000 0.000000
-1211.716675 -943.189758 15.282093 0.000000 0.000000 0.000000
-1150.048706 -455.931915 -57.335621 0.000000 0.000000 0.000000
-1244.361816 -337.035675 -58.002392 0.000000 0.000000 0.000000
-1178.999023 493.782135 -57.846169 0.000000 0.000000 0.000000
-376.746979 502.913452 -54.145470 0.000000 0.000000 0.000000
-779.063782 1.169555 -21.144064 0.000000 0.000000 0.000000
-103.278076 63.021748 200.066376 0.000000 0.000000 0.000000
-1422.220581 60.933331 187.406555 0.000000 0.000000 0.000000
-762.378418 219.483963 -35.627296 0.000000 0.000000 0.000000
-758.656006 -106.089119 -21.485445 0.000000 0.000000 0.000000
-1306.878540 -1228.274780 15.496778 0.000000 0.000000 0.000000
-240.124695 -1199.962891 4.504004 0.000000 0.000000 0.000000
-132.392563 1319.945190 6.491894 0.000000 0.000000 0.000000
-1243.940674 1308.443970 9.921382 0.000000 0.000000 0.000000
-1674.289185 382.827393 22.289137 0.000000 0.000000 0.000000
-782.188782 -779.646484 176.031250 0.000000 0.000000 0.000000
-759.438416 897.529846 176.031250 0.000000 0.000000 0.000000
