655.457825 -165.292221 -687.082520 0.000000 0.000000 0.000000
109.599197 433.340454 -717.289429 0.000000 0.000000 0.000000
-409.044861 -45.567780 -441.199463 0.000000 0.000000 0.000000
-165.607834 -1234.138794 -375.114624 0.000000 0.000000 0.000000
986.134949 -1260.530151 -589.243835 0.000000 0.000000 0.000000
340.275391 -1188.819092 -706.558960 0.000000 0.000000 0.000000
992.340332 -408.457642 -611.980713 0.000000 0.000000 0.000000
266.157379 -1228.390625 -709.203918 0.000000 0.000000 0.000000
978.274109 94.461197 -449.512695 0.000000 0.000000 0.000000
129.354630 461.742401 -710.038757 0.000000 0.000000 0.000000
-15.198973 -83.575111 -709.806946 0.000000 0.000000 0.000000
678.260803 -147.440552 -704.301880 0.000000 0.000000 0.000000
352.824524 -1179.647583 -711.527344 0.000000 0.000000 0.000000
-418.720184 -161.540115 -588.415649 0.000000 0.000000 0.000000
-151.258606 -400.705078 -851.086304 0.000000 0.000000 0.000000
983.009644 -456.683624 -620.010742 0.000000 0.000000 0.000000
