302.510345 -648.384521 -469.924744 0.000000 0.000000 0.000000
337.657440 -80.583862 -481.603363 0.000000 0.000000 0.000000
665.122253 0.620606 -491.187836 0.000000 0.000000 0.000000
-421.272003 -250.752533 -487.968750 0.000000 0.000000 0.000000
-610.992310 61.263092 -423.968750 0.000000 0.000000 0.000000
-193.126389 207.968750 -479.968750 0.000000 0.000000 0.000000
95.642746 -207.968750 -479.968750 0.000000 0.000000 0.000000
10.191662 -24.088306 -479.968750 0.000000 0.000000 0.000000
-201.083664 -53.528271 -319.968750 0.000000 0.000000 0.000000
-23.809507 190.973923 -319.968750 0.000000 0.000000 0.000000
560.858765 32.942013 -319.968750 0.000000 0.000000 0.000000
25.079073 -229.970749 -303.968750 0.000000 0.000000 0.000000
175.625366 716.323303 -485.299591 0.000000 0.000000 0.000000
-389.548859 61.001564 -487.968750 0.000000 0.000000 0.000000
390.242859 262.562256 -487.968750 0.000000 0.000000 0.000000
-275.083038 697.417847 -471.168915 0.000000 0.000000 0.000000
-280.524841 -705.912659 -469.447479 0.000000 0.000000 0.000000
-816.122559 -6.671891 -215.968750 0.000000 0.000000 0.000000
807.669983 -9.598570 -215.968750 0.000000 0.000000 0.000000
-200.759033 534.466064 -274.969330 0.000000 0.000000 0.000000
-525.133118 400.738922 -234.024109 0.000000 0.000000 0.000000
-32.289959 1223.045044 -449.883545 0.000000 0.000000 0.000000
-34.555565 -1136.802246 -466.097687 0.000000 0.000000 0.000000
