-1027.328125 1320.534668 192.031250 0.000000 -71.592407 0.000000
-747.370850 261.696533 104.601067 0.000000 -109.569946 0.000000
-1145.218384 1122.875854 354.031250 0.000000 -63.511963 0.000000
-1186.795654 547.307007 499.505341 0.000000 36.123047 0.000000
-1235.988647 -115.490753 576.031250 0.000000 20.451050 0.000000
-995.686096 -717.798279 169.411240 0.000000 -55.134888 0.000000
-1264.022705 -1009.766235 192.031250 0.000000 -29.163208 0.000000
-1282.153564 -2486.567871 192.031250 0.000000 -38.413696 0.000000
-636.414673 -2492.561768 192.031250 0.000000 98.706665 0.000000
-1405.997559 -3283.575928 0.031250 0.000000 35.403442 0.000000
-612.031250 -2745.757813 134.948425 0.000000 -145.244751 0.000000
-33.889271 -3263.378174 0.031250 0.000000 21.901245 0.000000
1418.590698 -3509.132568 8.848112 0.000000 117.548218 0.000000
1539.743164 -2554.142090 12.857350 0.000000 -160.109253 0.000000
859.257690 -2205.178711 0.031250 0.000000 152.671509 0.000000
121.227341 -2172.354736 0.031250 0.000000 47.774048 0.000000
1525.669800 -1263.372314 0.031250 0.000000 -173.150024 0.000000
421.957611 -977.584534 -7.968750 0.000000 108.341675 0.000000
-234.454178 -987.429260 129.703018 0.000000 -49.652710 0.000000
-250.787598 -1821.427002 135.972961 0.000000 49.504395 0.000000
-61.895004 -1854.266602 378.068665 0.000000 -0.873413 0.000000
20.233622 -2284.572021 480.031250 0.000000 -27.218628 0.000000
-389.269806 -2178.057373 480.031250 0.000000 121.300049 0.000000
-258.748718 -2023.395630 706.351501 0.000000 49.476929 0.000000
802.744263 -524.774109 0.031250 0.000000 -115.828857 0.000000
992.998352 -842.233826 0.031250 0.000000 -108.308716 0.000000
797.426392 220.673782 0.031250 0.000000 -157.000122 0.000000
-76.748398 45.545090 0.031250 0.000000 170.551758 0.000000
76.166023 -52.829502 808.031250 0.000000 -18.731689 0.000000
-728.655823 -44.707844 808.031250 0.000000 132.648926 0.000000
1003.227600 -549.352783 496.031250 0.000000 -146.799316 0.000000
1099.487915 -1123.509644 496.031250 0.000000 -134.390259 0.000000
937.668518 233.021057 800.031250 0.000000 -153.479004 0.000000
1375.876587 -470.594452 800.031250 0.000000 -127.501831 0.000000
1564.241943 -1575.669800 808.031250 0.000000 139.185791 0.000000
953.428162 -1617.776367 808.031250 0.000000 119.207153 0.000000
911.968750 -2226.186523 0.031250 0.000000 -124.535522 0.000000
1544.900391 -3101.352295 14.109207 0.000000 -168.859863 0.000000
537.279541 -2823.354004 -7.968750 0.000000 91.389771 0.000000
-398.596741 -3192.128174 0.031250 0.000000 177.094116 0.000000
-896.123230 -2780.114014 96.031250 0.000000 78.821411 0.000000
-1309.350220 -1675.370605 192.031250 0.000000 46.186523 0.000000
-648.991211 -1273.670410 192.031250 0.000000 -165.915527 0.000000
-488.298920 -1667.199097 192.031250 0.000000 -10.228271 0.000000
-664.636780 -1944.993774 192.031250 0.000000 108.742676 0.000000
-209.903809 -1431.657104 96.031250 0.000000 33.920288 0.000000
72.357201 -705.197327 0.031250 0.000000 -26.279297 0.000000
203.306473 344.982391 0.031250 0.000000 -61.347656 0.000000
-478.518585 174.118591 0.031250 0.000000 -147.529907 0.000000
-760.077148 802.710632 158.702469 0.000000 -151.891479 0.000000
