a_ramp under_to_jungle b_retake
8 0.5
1352.044800 -860.743347 -163.968750 0.770012 -93.610558 0.000000
895.425293 -1975.103638 -72.96875 9.201502 76.450615 0.000000 False
1023.727112 -1768.027344 -72.96875 14.610742 92.293472 0.000000 False
810.865417 -2224.027344 -40.96875 6.525754 71.195473 0.000000 False
709.547668 -2194.469238 -40.96875 5.274503 50.476536 0.000000 False
1071.387085 -1768.031250 -41.031250 19.846844 169.273499 0.000000 False
735.968750 -2366.201416 -7.903953999999999 8.450766 59.851109 0.000000 False
582.120667 -2255.639893 -40.96875 3.291777 42.988247 0.000000 False
517.005798 -2166.072266 -40.96875 3.676777 25.432186 0.000000 False
353.255554 -2152.657471 -40.96875 3.041522 18.540695 0.000000 False
272.227905 -1960.031250 -40.96875 0.712272 -1.286871 0.000000 False
367.968750 -2209.475342 -40.96875 -0.692985 -1.864399 0.000000 False
16.031250 -2289.821777 -40.96875 -0.327237 4.686253 0.000000 False
-56.387390 -2129.221436 -40.96875 -1.501481 -40.557228 0.000000 False
-1311.971436 -1152.613159 -168.96875 -3.565518 -38.023785 0.000000 False
-996.010193 -1331.968750 -164.808548 -3.631820 -40.316189 0.000000 False
-743.129578 -1427.301514 -168.96875 -4.685866 -44.812881 0.000000 False
-800.370056 -1152.187744 -121.175354 -2.365177 -51.219460 0.000000 False
-546.005676 -1432.035156 -96.931839 -1.569936 -52.382870 0.000000 False
-290.014160 -1504.031250 -166.30458099999998 -7.282054 -63.744099 -0.000000 False
-91.110596 -1418.081665 -119.91937999999999 -3.658989 -77.223915 0.000000 False
101.807205 -2071.582520 -40.96875 0.933212 -92.537674 0.000000 False
46.968750 -1761.151733 -112.09375 -6.347562 -88.551445 0.000000 False
151.968750 -1914.031250 -40.96875 1.499167 -106.883873 0.000000 False
151.968750 -1914.031250 -168.96875 -36.808277 -108.135002 0.000000 False
87.968750 -2165.968750 -109.23254400000002 7.928715 146.080551 0.000000 True
151.721985 -2067.145264 -168.96875 3.560588 -169.573761 0.000000 False
-30.468750 -1418.188354 -169.483231 -9.004884 -84.627235 0.000000 False
181.968750 -1717.968750 -168.96875 2.040787 -178.180389 0.000000 False
-780.223206 -1698.852417 -178.05384800000002 -6.983604 -31.496941 0.000000 False
-781.971069 -1980.639404 -180.96875 -8.044481 -13.750564 0.000000 False
-683.367798 -2161.848633 -180.96875 -9.443305 0.513559 0.000000 False
-272.614868 -2155.963867 -176.73246799999998 -24.956631 -1.298930 0.000000 True
-1053.986694 -2328.525391 -168.96875 -5.982534 9.469848 0.000000 False
-1036.911011 -2530.385742 -168.96875 -5.698054 21.368526 0.000000 False
-888.016052 -2571.972900 -36.96875 0.513178 27.682903 0.000000 False
-643.861145 -2480.254883 -168.96875 -5.107790 34.189316 0.000000 False
-381.651062 -2394.972412 -167.419815 -13.173533 38.501411 0.000000 False
-284.218750 -2412.968750 -164.96875 -10.478524 53.079376 0.000000 False
-114.031250 -2387.968750 -168.068863 -1.257786 85.554100 0.000000 False
-264.031250 -1504.031250 -166.30458099999998 0.051214 -83.499496 0.000000 False
-719.969666 -907.225098 -239.352539 -2.804183 -77.727806 0.000000 False
-868.505493 133.933914 -173.77160600000002 0.231305 -80.138542 0.000000 False
-600.814514 -788.969055 -264.96875 -4.216276 -94.031258 -0.000000 False
-511.754639 -1309.028076 -160.96875 1.136055 -104.990273 0.000000 False
-1275.968750 -1436.223511 -160.703598 1.501776 -15.627428 0.000000 False
-520.027649 -1214.009277 -168.968750 0.288861 -156.060333 0.000000 False
-1216.031250 -1526.968750 -157.013123 2.502599 84.396935 0.000000 False
-1247.970703 -856.169312 -130.96875 5.922852 -79.734093 0.000000 False
-1136.590210 -215.848755 -56.96875 7.132674 -92.710480 0.000000 False
-1121.029907 -456.156250 -168.96875 -0.098888 -95.166275 0.000000 False
-1120.031250 -1175.968750 -168.968750 1.597852 -161.308441 0.000000 False
-1463.440796 -809.560669 -168.96875 1.192968 -51.040482 0.000000 False
-1723.194946 -647.024841 -168.96875 0.807969 -39.798428 0.000000 False
-1545.678833 -1113.696533 -238.488892 -8.843555 30.237377 -0.000000 False
-1247.968750 -456.156250 -96.96875 9.289829 -79.238922 0.000000 False
-1247.972046 -759.968750 -129.96875 18.683929 -9.399304 0.000000 False
223.688065 -259.264404 -168.98756400000002 -0.069352 -162.947083 0.000000 False
387.454468 -794.033264 -165.97258 0.099832 174.839279 0.000000 False
-767.795837 -226.912842 -160.968750 1.039597 -129.655991 0.000000 False
1348.844727 -989.403198 -158.96875
1346.367676 -1427.485474 -158.96875
954.612061 -1422.227295 -158.96875
899.630127 -2313.310547 -30.96875
39.982430 -2313.878906 -30.96875
25.675913 -2097.053955 -30.96875
-163.294067 -1979.069580 -158.96875
-734.328674 -1487.625366 -158.96875
-1228.054810 -1372.327881 -157.74379
-1165.376587 -543.264526 -158.96875
