a_palace under_to_jungle
5 0.7
1189.604614 -880.362976 -196.598785 1.135750 -132.620117 0.000000
498.344238 -1623.469604 -264.237122 -0.481254 58.084442 0.000000 False
738.518799 -1711.344849 -252.268661 0.038454 89.593239 0.000000 False
280.059601 -1711.968750 -129.247040 21.329027 31.148046 0.000000 False
179.971832 -1598.053467 -173.963272 12.454713 5.796865 0.000000 False
-498.622742 -1524.324951 -41.031250 10.760789 -2.039819 0.000000 False
250.850922 -1440.156616 -176.968750 16.593512 -28.526819 0.000000 False
458.491882 -1438.355469 -176.968750 25.563988 -91.356567 0.000000 False
-783.968750 -1668.609741 -175.029556 -0.269463 2.240653 0.000000 False
-729.410950 -2072.194580 -180.968750 -0.327212 27.958685 0.000000 False
-999.222473 -2483.588867 -168.968750 -0.096213 37.314137 0.000000 False
176.810928 -1714.208618 -168.968750 0.924031 87.254456 0.000000 False
-265.248535 -2186.310059 -173.707657 -0.404217 57.329151 0.000000 False
-34.031250 -1848.031250 -168.968750 1.212748 60.669750 0.000000 False
-264.099365 -2409.350830 -165.265549 -0.076962 67.781647 0.000000 False
-27.279663 -2156.934814 -168.968750 -0.500477 90.413803 0.000000 False
95.258591 -2070.399170 -168.968750 -0.346478 126.199448 0.000000 False
-264.031250 -1504.068604 -166.307693 1.135770 -87.090324 0.000000 False
-385.123535 -2394.968750 -167.420380 -1.405229 94.533340 0.000000 True
-1275.555054 -1421.774170 -162.254761 0.327273 -16.987068 0.000000 False
-1243.968750 -1226.349121 -168.968750 0.057771 -31.270672 0.000000 False
119.231071 -1925.813843 -168.968750 0.769995 176.474289 0.000000 False
-879.968750 -1306.031250 -168.968750 0.096268 -44.559196 0.000000 False
-718.877686 -907.336609 -239.296753 -3.022247 -77.848709 0.000000 False
-865.098633 127.120186 -173.699005 0.077013 -79.985458 0.000000 False
-514.121887 -1326.837524 -160.968750 1.097250 -105.832802 0.000000 False
-1418.837158 -2211.892578 -241.544464 -8.277498 -12.816651 0.000000 False
-1021.540283 -2232.569580 -121.031570 20.000753 -83.001671 0.000000 False
-902.031250 -2603.077393 -168.968750 0.269451 113.348228 0.000000 False
779.105896 -1103.905273 -250.661346
590.428101 -1553.684448 -254.96868900000004
48.282063 -1579.757935 -165.792801
-947.855225 -2362.580811 -158.96875
-1285.858765 -2367.138672 -195.130554