b_apts mid_to_b under_to_jungle a_palace
6 0.8
-1656.237305 -1860.524780 -254.359100 2.463943 83.898087 0.000000
-1361.032471 -1173.968750 -118.75399 28.374416 -179.909821 0.000000 False
-1870.012817 -381.838379 -84.452454 9.259097 -55.261143 0.000000 True
-1985.900635 -205.440552 -168.70173599999998 0.673593 -56.242691 0.000000 False
-2288.030518 -451.410217 -168.96875 -0.288903 -20.662605 0.000000 False
-2306.701172 460.703491 -168.96875 -0.365906 -62.473877 0.000000 False
-2156.070801 823.448181 -127.33521999999999 1.501342 -78.091408 0.000000 False
-1768.766113 503.011566 -168.976837 -0.423477 -99.413391 0.000000 False
-1542.268921 863.969421 -16.380671999999997 6.718078 -108.351540 0.000000 False
-2585.545898 254.014893 -168.958908 -0.770182 -38.185932 0.000000 False
-1495.725098 408.558380 -167.96875 0.076847 -121.300941 0.000000 False
-1358.953735 320.794678 -168.96875 0.307847 -132.849731 0.000000 False
-2262.031250 -695.968750 -168.96875 1.597577 34.572479 0.000000 False
-2367.968750 -368.435791 -168.96875 -0.288929 -44.737499 0.000000 False
-2434.689209 421.066742 -168.568939 -0.231035 -80.373253 0.000000 False
-2368.049316 777.269287 -84.19693 4.292609 -86.747330 0.000000 False
-2247.194092 489.031250 -168.96875 -0.250394 -94.178314 0.000000 False
-1969.031250 450.027557 -160.96875 1.308853 -110.598473 0.000000 False
-2001.027588 167.193375 -160.96875 0.962355 -123.727402 0.000000 False
-2411.972168 -247.968994 -168.199738 -1.520915 -15.272323 0.000000 False
-1553.301758 -231.947632 -161.526474 0.250087 179.364609 0.000000 False
-2114.031250 831.968750 -125.299789 3.041205 -110.870392 0.000000 False
-2508.191406 400.336761 -168.96875 -1.135924 -64.962196 0.000000 False
-2635.968750 104.031250 -163.768723 1.116302 -1.033096 0.000000 False
-1906.583252 519.329346 -168.542038 0.057551 -135.090271 0.000000 False
-1713.465088 723.584961 -48.96875 8.662245 -134.245117 0.000000 False
-1359.793945 408.299377 -168.96875 -0.019451 -166.159470 0.000000 False
-792.445618 66.995956 -167.730377 -0.327450 171.298325 0.000000 False
-1856.452637 753.341553 -48.96875 8.508274 -146.063614 0.000000 False
-1830.972656 473.260345 -168.96875 -0.288943 178.900848 0.000000 False
-1543.434082 739.175476 -48.96875 6.621755 -161.232956 0.000000 False
-2329.031982 770.139343 -128.555618 2.328946 -14.335866 0.000000 False
-1406.838135 777.995361 -73.737045 -1.636597 -172.051010 0.000000 False
-1471.854248 691.822388 -48.96875 4.157654 174.204285 0.000000 False
-1575.712646 -1555.114258 -254.687561
-1607.577759 -1223.841187 -251.72464
-1598.253296 -817.276489 -158.80801400000001
-1625.150635 -618.429932 -158.96875
-2318.975830 -592.171204 -158.96875
-2331.591797 507.902161 -158.96875
-2114.031250 768.447876 -120.252365