a_palace a_ramp
4 0.8
-355.574585 -2097.156494 -97.128754 4.553990 -0.212228 0.000000
288.031281 -2374.968750 -40.12875 -1.188253 151.667908 0.000000 False
464.030182 -2370.251709 -8.074280000000002 4.487774 166.531662 0.000000 False
834.062805 -2352.503174 -40.12875 -0.418225 174.993698 0.000000 False
849.622131 -2205.372803 -40.12875 -1.232225 -172.972214 0.000000 False
670.970642 -2202.031006 -40.12875 -0.682225 -169.826340 0.000000 False
498.881470 -2192.042236 -40.12875 -0.528225 -160.674332 0.000000 False
406.245575 -2110.329590 -40.12875 -1.320225 -130.116653 0.000000 False
272.029297 -1960.029541 -40.12875 -0.704227 -87.656685 0.000000 False
912.029114 -1940.349365 -72.128754 -2.706228 -160.644028 0.000000 False
1043.541260 -1392.031616 -168.12875400000001 -7.854213 -103.182755 0.000000 False
1302.314697 -1370.369873 -168.12875400000001 -2.024211 -160.947067 0.000000 False
1183.968384 168.031387 -211.014359 -1.650196 -85.377869 0.000000 False
865.158569 -1246.140381 -109.128754 5.213814 -0.025842 0.000000 False
51.281826 -2142.374512 -31.12875
74.569992 -2319.640625 -31.12875
967.218323 -2292.695068 -31.12875
965.125061 -2128.918457 -31.12875
963.823242 -2073.109375 -63.128754
965.435730 -1740.899048 -63.128754
964.554321 -1661.612671 -111.128754
964.266602 -1588.323608 -111.128754
963.698425 -1507.645752 -159.128769
963.179871 -1436.116577 -159.12875400000001
1341.920166 -1431.056030 -159.12875400000001
1338.772827 -1083.196411 -159.12875400000001