b_apts under_to_jungle b_retake
6 0.65
1216.000000 -16.000000 -152.953156 0.000000 90.000000 0.000000
122.366753 -329.216309 -178.130783 5.601792 67.640160 0.000000 False
178.396652 -803.472351 -166.41963199999998 4.523532 79.453583 0.000000 False
356.831573 -794.031250 -165.184677 4.523677 88.899628 0.000000 False
160.031250 135.968750 -165.324768 30.183880 7.471654 0.000000 False
502.968750 -64.031250 -161.518219 11.241871 171.134903 0.000000 False
-143.736450 -629.070251 -233.693741 -5.062901 49.538563 0.000000 False
-807.968750 -913.714844 -168.96875 -0.365893 33.368191 0.000000 False
-888.887024 -788.972595 -222.96875 -2.579616 25.987957 -0.000000 False
-1172.902100 -731.481018 -168.96875 -0.327366 18.673264 0.000000 True
-1247.968750 -605.912903 -168.96875 -0.077218 12.309391 0.000000 False
-924.101440 -508.329834 -49.09375 5.139634 10.451426 0.000000 False
-817.697571 -328.538696 -168.65386999999998 -0.288868 -0.848358 0.000000 False
-716.576599 -866.732483 -259.598816 -4.485466 28.922749 0.000000 False
296.417206 -803.191772 -165.579346 1.000784 135.663559 0.000000 False
-719.971069 -1013.249023 -216.96875 -4.408471 61.295624 0.000000 False
-1008.660095 -68.943665 -168.96875 -0.231068 -36.503529 0.000000 False
-807.968750 -1206.076660 -168.96875 0.615883 66.066772 0.000000 False
-728.007751 -1306.029053 -168.96875 1.443626 77.853584 0.000000 False
-800.165283 -2224.115479 -180.948792 -0.308111 83.108788 0.000000 False
-601.556519 -1309.074829 -168.96875 0.538890 92.233086 0.000000 False
-962.599731 295.304810 -169.441757 -0.096386 -64.121140 0.000000 False
-753.979919 292.968750 -166.82308999999998 -0.231135 -89.236107 0.000000 False
-1053.175049 295.971649 -165.59136999999998 -0.153975 -48.269905 0.000000 False
-1183.971680 -808.152832 -168.96875 -0.096384 54.533840 0.000000 False
-1180.508179 -66.031250 -56.96875 16.574072 -12.783839 0.000000 False
-1103.838745 -56.030579 -168.96875 -0.288829 -19.001442 0.000000 False
-1185.253662 -270.164429 -56.96875 15.630846 32.511524 0.000000 False
-1103.968750 -151.968750 -168.96875 0.057713 12.222405 -0.000000 False
-1958.287231 747.560669 -48.96875 5.004980 -31.475428 0.000000 False
-2008.796997 683.248901 -48.670246 4.812454 -27.856339 0.000000 False
-2534.316406 319.807922 -168.96875 -0.288821 -7.527193 0.000000 False
-2351.215088 809.768494 -84.19693 2.810448 -25.873674 0.000000 False
-2094.970215 368.714264 -160.96875 -0.288804 -12.735641 0.000000 False
-2265.031250 349.561157 -168.02533 -0.635185 -10.524932 0.000000 False
-2181.280029 -30.403320 -167.931778 -0.577576 11.614176 0.000000 False
-1248.626709 516.058899 -165.10063200000002 -0.269575 -87.624260 0.000000 False
-2013.037964 849.972412 -24.96875 7.969594 -37.919533 0.000000 False
-2354.735352 -298.894043 -168.96875 -0.539069 27.125040 0.000000 False
-2265.027100 473.639648 -168.96875 -0.365689 1.155341 0.000000 False
-2083.808838 -596.728516 -168.96875 -0.154069 60.485203 0.000000 False
-1540.346680 863.968750 -17.968735000000002 9.528877 -109.316307 0.000000 False
-1583.051025 -230.965820 -164.93515 0.404346 87.289505 0.000000 False
-2284.412842 13.976574 -168.96875 0.019255 -0.304974 0.000000 False
-2499.829590 289.771729 -168.96875 -8.527665 37.874210 0.000000 False
-2114.031250 831.968750 -125.29496 2.233080 -86.217216 0.000000 False
-1743.617188 -600.676147 -168.96875 -0.192429 117.947769 0.000000 False
-2294.396240 -498.529236 -168.96875 -0.461910 88.298141 0.000000 False
1137.422729 474.581604 -253.569
336.175659 478.684631 -254.407776
278.188232 -185.992737 -159.256195
261.301392 -415.420044 -156.826233
-749.624207 -401.569214 -159.387619
-810.258545 186.916092 -164.799072
-2384.677490 295.723755 -158.279968