mid_to_a a_retake
6 0.8
-1566.805786 -1098.012939 49.523003 -5.213991 111.295708 0.000000
-1847.325806 216.971130 73.207428 3.352191 -85.329643 0.000000 False
-2175.438721 -413.383545 74.169525 1.003701 1.218273 0.000000 False
-2266.972412 216.968735 79.86918600000001 -0.154051 -26.578184 0.000000 False
-2029.740356 1121.027466 115.348114 2.004697 -94.671829 0.000000 True
-1824.601440 1003.755493 51.031250 -0.882804 -103.392197 0.000000 False
-1678.759644 973.913208 51.871246 -1.540065 -118.949745 0.000000 False
-2266.972168 4.262273 75.391632 0.387697 -3.016749 0.000000 False
-1390.624756 1343.055054 96.255249 0.753446 -123.984283 0.000000 False
-1668.031372 464.031250 169.343521 11.967961 -160.243317 0.000000 False
-1769.044312 380.179169 181.309113 21.966923 -178.121307 0.000000 False
-1158.926270 1012.599243 52.41989100000001 -0.814038 -148.701569 0.000000 False
-1191.271606 908.605652 51.871246 -1.056032 -152.955933 0.000000 False
-1130.994629 764.879883 54.943527 -0.550036 -164.542114 0.000000 False
-1447.968750 541.649902 72.031250 -0.363074 179.285568 0.000000 True
-1031.789062 879.672058 68.311096 0.252928 -165.371857 0.000000 False
-454.287415 1264.424072 31.927086 -1.113822 -156.228592 0.000000 False
-1282.029785 338.131561 86.87124600000001 2.177972 137.224777 0.000000 False
-1171.119507 1380.661499 74.638489 0.907422 -148.028488 0.000000 False
-1280.031250 1122.031250 97.595245 5.007673 -177.217499 0.000000 False
-1254.751221 211.709229 127.659531 4.738187 121.413231 0.000000 False
-1274.097778 16.363071 102.87124600000001 3.585968 108.638107 0.000000 False
-1205.775391 -358.968384 102.729797 2.100941 105.301178 0.000000 False
-1429.135620 35.972420 102.051941 3.176256 88.690933 0.000000 False
-1762.591064 -869.867859 -3.7797470000000004
-1779.293335 -739.322449 80.87124600000001
-1787.269775 -556.378052 83.87124600000001
-1793.708130 -349.769409 80.87124600000001
-1791.256348 140.145737 80.87124600000001
-2105.099609 116.460663 80.871262
-2094.012451 -355.761719 80.871262
-1793.708130 -349.769409 80.87124600000001
-2105.099609 116.460663 80.871262
-2048.737793 331.618011 96.87124600000001
-2025.089355 592.989624 60.871246
-1888.575439 1027.846802 60.871246
-1599.031250 1141.246460 60.871246
-1599.031250 1141.246460 107.023514
-1400.946533 1173.084717 106.095261
-1599.031250 1141.246460 107.023514
-1599.031250 1141.246460 60.871246
-1888.575439 1027.846802 60.871246
-2025.089355 592.989624 60.871246
-1270.451904 931.261841 62.871246