b_ramp_to_b mid_to_a
6 0.7
152.721710 -1885.960571 -155.968750 -0.024889 15.481833 0.000000
1195.200562 -1336.042725 1.327972 3.055159 -158.684952 0.000000 False
1215.039062 -1476.350830 7.983711 3.613386 -177.973785 0.000000 False
944.034790 -1044.031250 6.960083 1.130157 -91.868851 0.000000 False
1263.909302 -292.699707 102.403778 5.730878 -106.974350 0.000000 False
1021.050476 -632.028748 22.182037 1.842375 -85.432602 0.000000 False
683.915894 -497.530884 123.711060 10.216149 -47.991375 0.000000 False
1383.968750 -649.338379 13.341309 1.245621 -135.444214 0.000000 False
338.031250 -736.031250 185.031250 12.564569 -11.833716 0.000000 False
211.572617 -772.045715 152.031250 9.176564 -7.650754 0.000000 False
1383.968750 -859.968750 0.020920 -1.699660 -178.667191 0.000000 False
64.031250 -903.968750 152.906219 7.193842 4.381219 0.000000 False
739.968750 -482.031250 126.393295 9.239993 -85.245087 0.000000 False
503.968750 -903.968750 125.496979 -1.718871 70.081131 0.000000 False
-284.031250 -724.031250 114.031250 -0.313624 -8.857235 0.000000 False
66.125450 -555.466797 171.031250 2.593142 -52.611111 0.000000 False
52.031250 -396.028320 181.045166 3.382362 -65.028824 0.000000 False
475.669922 -304.255554 178.162720 2.400613 -121.161858 0.000000 False
519.968750 -563.968994 187.018433 1.938614 -177.025436 0.000000 False
26.031250 -563.968750 181.031250 3.363103 -10.955967 0.000000 False
563.375732 141.031250 155.031250 -1.545664 -104.472626 0.000000 False
363.968750 292.968719 153.631287 -1.988415 -83.432327 0.000000 True
601.970459 -36.031250 179.031250 3.478582 -125.474258 0.000000 False
320.027954 -183.968750 210.088257 13.469301 -9.608067 0.000000 True
1395.968750 516.031250 130.386475 -1.680464 -156.158157 0.000000 False
1307.968750 240.064911 129.531250 -1.603463 -172.617004 0.000000 False
804.756714 -43.264343 129.249268 -3.124215 132.129456 0.000000 False
655.582947 -318.709961 137.008804 0.591035 87.854485 0.000000 False
573.547913 782.029297 113.982574 -1.795960 -81.545547 0.000000 False
455.412170 -1860.869507 -149.37059
1069.545898 -1206.782959 10.03125
1109.619019 -789.621704 12.720366999999996
156.512497 -846.398071 162.03125
189.144211 -517.973938 181.03125
452.051117 -470.800598 191.03125
452.438110 165.184372 161.654755
819.127258 207.960480 141.003799