a_ramp mid_to_ct b_retake
5 0.7
-928.449524 -825.847839 11651.871094 -4.641971 -106.997704 0.000000
-1165.968750 -1039.968750 11775.871094 20.878283 -14.981009 0.000000 False
-1070.801758 -679.658020 11775.871094 0.352268 -91.167160 0.000000 False
-1063.632446 -713.657715 11818.03125 5.302262 -91.056801 0.000000 False
-923.620728 -455.777161 11776.871094 -0.109733 -119.590141 0.000000 False # elevator 1
-720.348450 -367.139160 11775.871094 -1.121971 -135.150253 0.000000 False # elevator 2
-63.030697 -397.944702 11829.871094 2.992011 -162.826187 0.000000 False # headshot
16.046015 -663.119629 11777.919922 0.352021 179.646591 0.000000 False # pillar 1
-377.970703 -771.618103 11790.681641 1.650034 172.656342 0.000000 False # crane
-1027.352051 445.143066 11775.871094 -0.615974 -83.723137 0.000000 False # ct 1
-914.888977 -788.968750 11775.871094 0.594033 95.048218 0.000000 False # close right
-1067.224487 92.031250 11775.871094 -0.285970 -76.719109 0.000000 False # mid
-1261.954346 882.029297 11775.871094 -0.087972 -75.583199 0.000000 False # ct 2
42.880291 -1011.403442 11781.254883 0.110062 149.886093 0.000000 False # pillar 2
-1057.723877 -423.727570 11775.871094 -0.571965 -28.600082 0.000000 False # elevator 3 off angle
-43.285522 -18.195984 11775.871094 -0.571965 -132.021423 0.000000 False # door
-239.894714 -38.968567 11872.871094 8.778049 -116.364693 0.000000 False # heaven
-314.517273 -79.031685 11775.871094 -0.769939 -113.746750 0.000000 False # suicide position
-479.788574 -318.969849 11775.871094 -1.253953 -84.948792 0.000000 False # elevator 4 passive position
-109.275620 -1396.162842 11775.871094 -0.175938 114.575752 0.000000 False # sandbag
-343.671661 -1139.174316 11747.505859 -1.715938 98.053322 0.000000 False # ramp 1
-526.155579 -1480.131958 11775.871094 -0.065936 75.415520 0.000000 False # ramp 2
-990.073853 -1027.644653 11701.820312
-994.078369 -1135.099609 11754.871094
-1002.911499 -1179.178101 11773.522461
-1054.645752 -1171.333130 11784.871094
-1095.321777 -1128.844360 11784.871094
-1092.643188 -670.085876 11784.871094
-918.637939 -580.072083 11784.871094
-503.538208 -592.838501 11784.871094
-447.434143 -717.763123 11784.871094
-204.167236 -717.763123 11784.871094
-204.167236 -516.636963 11784.871094
-482.843384 -516.636963 11784.871094
-503.538208 -592.838501 11784.871094