none
6 0.7
-2085.458008 -544.444763 11641.015625 0.725983 49.853710 0.000000
-2203.858398 127.968689 11551.871094 0.021784 -56.581223 0.000000 False
-2438.588623 277.025269 11743.871094 19.249834 -43.674767 0.000000 False
-2470.968018 56.995766 11711.871094 17.248190 -19.248377 0.000000 False
-2401.949951 -75.784279 11551.871094 -0.351948 1.865312 0.000000 False
-2470.972656 -231.635300 11663.871094 9.174234 26.150644 0.000000 True
-2128.031250 -295.968750 11615.871094 12.210032 88.353966 0.000000 False
-2192.489014 213.496506 11776.101562 43.186134 -91.452698 0.000000 False
-2202.031250 227.388885 11743.871094 -3.387704 -174.948105 0.000000 True
-2528.938477 -186.333252 11551.871094 -0.043947 32.863323 0.000000 False
-2576.595459 620.396118 11746.02832 26.268171 -91.219193 0.000000 False
-2572.244629 1041.381592 11746.530273 15.840186 -90.779259 0.000000 False
-2592.189453 465.809692 11747.943359 9.702124 -58.826214 0.000000 False
-2469.968994 500.030975 11743.871094 7.612144 -78.467453 0.000000 False
-2488.930176 1036.031616 11745.59082 3.762215 -84.035690 0.000000 False
-2376.438965 733.519592 11743.871094 4.950146 -89.424454 0.000000 False
-2349.182373 736.763123 11797.03125 8.382137 -92.108665 0.000000 False
-2114.670166 954.031311 11743.871094 2.530250 -107.301369 0.000000 False
-2059.972168 1014.350464 11785.871094 5.016135 -110.192696 0.000000 False
-2153.031250 437.968750 11775.871094 7.370141 -128.196442 0.000000 True
-2153.031738 212.106796 11775.871094 14.366216 -157.325699 0.000000 False
-1950.033447 1010.254272 11743.871094 0.704282 -122.008789 0.000000 False
-1819.869141 862.502014 11775.871094 2.354274 -142.556564 0.000000 False
-2041.747925 1084.590820 11751.552734 0.682327 -137.401581 0.000000 False
-1795.968750 672.369812 11775.871094 3.608273 -164.864807 0.000000 False
-1543.917603 636.145691 11873.871094 7.612277 -178.074463 0.000000 False
-1705.375366 513.031677 11840.02832 6.116261 173.147430 0.000000 False
-1800.602661 513.030701 11775.871094 2.464267 172.804611 0.000000 False
-1520.929932 847.457520 11775.871094 2.508254 -177.626633 0.000000 False
-2524.524658 1036.031982 11745.59082 0.924348 -161.095886 0.000000 False
-1564.209595 1025.155884 11776.03125 -0.285723 178.532639 0.000000 True
-1415.758911 508.692810 11869.364258 8.162261 141.352371 0.000000 False
-1795.968262 746.742615 11775.871094 5.566316 101.488243 0.000000 False
-1177.746460 827.130188 11775.871094 2.684315 153.254852 0.000000 False
-1907.565674 -373.870361 11560.871094
-1944.144531 6.698496 11560.871094
-2187.417236 5.755860 11560.871094
-2186.531494 -44.950439 11560.871094
-2184.700439 -164.899506 11620.694336
-2259.314697 -249.016129 11624.871094
-2360.625977 -244.820236 11672.871094
-2418.796631 -184.431091 11672.871094
-2434.690186 -80.918716 11720.871094
-2428.049561 73.158829 11720.871094
-2421.504639 153.900116 11757.871094
-2391.946777 1017.771545 11752.871094
-2386.167725 1090.174805 11758.783203
-1713.027710 1090.149414 11761.235352