b_ramp mid_to_ct a_ramp a_short
8 0.5
-675.777283 -214.137146 11779.871094 0.417995 155.032150 0.000000
-1524.143677 587.784363 11873.871094 6.512017 -47.293587 0.000000 False # Part 1: CT
-1267.946899 902.649963 11775.871094 0.308009 -73.055740 0.000000 False
-843.028931 335.596008 11818.871094 7.282021 -103.651016 0.000000 False
-843.031738 92.411652 11775.871094 0.462007 -173.309326 0.000000 False
-953.031250 442.031250 11839.805664 18.106010 -169.813370 0.000000 False
-1733.420532 1096.970337 11753.072266 -1.913949 -24.357164 0.000000 False
-1900.031738 812.809143 11775.871094 0.066050 2.130876 0.000000 False
-1900.993896 638.691284 11775.871094 -0.461943 25.267504 0.000000 False
-1693.451904 536.001831 11775.871094 -0.065939 47.736866 0.000000 False
-1709.912476 513.031738 11840.02832 5.808060 48.139858 0.000000 False
-1394.156250 753.031250 11775.871094 -0.945948 85.372002 0.000000 False
-1623.031372 535.451111 11775.871094 -0.527947 82.503799 0.000000 False
-2130.620850 1062.458130 11748.835938 -7.215928 -36.353645 0.000000 False # pillar 1
-2530.811523 1036.031128 11745.59082 -1.693924 -13.486832 0.000000 False # pillar 2
-2216.535889 827.883667 11743.871094 -3.211937 0.211345 0.000000 False # Part 2: Site
-2631.365234 955.156738 11752.75293 -1.539946 -8.392416 0.000000 False
-2216.031982 933.910400 11743.871094 -2.969948 -11.186431 0.000000 False
-2249.029541 516.345825 11743.871094 -2.309940 18.564558 0.000000 False
-1674.028809 976.568909 11751.081055 -4.707853 -86.902855 0.000000 False
-2578.031250 586.634888 11746.205078 -2.375939 4.954207 0.000000 False
-2390.487061 671.188416 11797.03125 1.408053 -0.347771 0.000000 False
-2397.421387 710.368103 11743.871094 -3.035951 12.500241 0.000000 False
-1900.032593 759.693909 11775.871094 1.012046 89.147903 0.000000 False
-2564.997803 353.081879 11744.603516 -2.155932 34.785755 0.000000 False # Part 3: B ramp
-2458.299316 -260.027344 11663.871094 -4.179922 75.239349 0.000000 False
-2253.214844 217.510132 11743.871094 -0.703929 87.096718 0.000000 False
-2153.031250 324.107483 11775.871094 1.760067 122.450630 0.000000 False
-2298.937256 -176.523193 11683.871094 -4.091937 96.322426 0.000000 False
-2128.031250 -295.968750 11615.871094 -10.824181 114.881424 -0.000000 False
-975.180664 -150.787781 11784.871094
-1191.960083 935.439453 11784.871094
-1445.692017 923.492737 11784.871094
-1619.378174 740.564880 11784.871094
-1756.836914 924.372375 11785.03125
-1775.074707 950.332153 11752.871094
-1867.137939 1018.869446 11752.871094
-1930.798828 1067.217041 11758.419922
-2407.454834 1067.217041 11758.419922
-2406.783203 1009.912170 11752.871094
-2427.530518 192.708603 11752.871094