b_ramp a_ramp a_short
6 0.5
-2074.792480 -783.053772 11779.871094 2.595979 63.020123 0.000000
-1560.262329 -340.209595 11775.871094 0.615987 -152.359619 0.000000 False
-1320.031738 -495.968903 11775.871094 0.021985 -177.989685 0.000000 False
-1529.543457 -542.766296 11775.871094 0.549985 178.534042 0.000000 False
-1330.107422 -150.394699 11775.871094 -0.242015 -141.389465 0.000000 False
-1330.132202 -61.031250 11775.871094 0.131970 -132.765182 0.000000 False
-1370.031372 7.968457 11775.871094 -0.330031 -120.423378 0.000000 False
-1528.426392 -663.970459 11775.871094 0.197967 99.436913 0.000000 False # Cannot hide to deep in case get ignored
-1825.429199 140.858185 11775.871094 -0.352039 -60.282455 0.000000 False
-2044.968750 101.031258 11775.871094 -0.484040 -21.011358 0.000000 False
-2044.968750 -23.726238 11867.871094 11.417948 -27.500727 0.000000 False
-1947.202881 -295.969818 11798.871094 2.551948 8.528380 0.000000 False
-1716.031494 -295.970673 11782.661133 1.363948 50.086487 0.000000 False
-1666.930420 101.627396 11906.871094 32.867996 -91.924057 0.000000 False # Boosted
-1757.799927 438.968262 11840.027344 7.633974 -91.550034 0.000000 False
-1484.658081 579.517944 11873.871094 9.987973 -123.001823 0.000000 False # Bridge 1
-1389.972046 411.887909 11775.871094 0.637988 -144.544846 0.000000 False
-1028.032471 421.709930 11775.871094 0.329914 -160.252823 0.000000 False # CT 1
-953.030212 448.530762 11839.805664 4.642021 -159.983093 0.000000 False # CT 2
-843.238586 335.580627 11818.871094 2.596017 -168.423126 0.000000 False
-919.031494 57.334263 11775.871094 -0.329980 171.138855 0.000000 False # A 1
-1511.919312 92.031387 11775.871094 0.374030 102.433075 0.000000 False
-1551.969971 581.060669 11873.871094 12.869974 -55.872715 0.000000 True # bridge 2
-897.971436 685.216553 11775.871094 0.703994 -130.188263 0.000000 False # CT 3
-871.689758 -115.462524 11775.871094 0.417993 132.425964 0.000000 False # A 2
-1260.405396 882.028442 11775.871094 0.417993 -80.298058 0.000000 False # CT 4
-768.031250 -471.968628 11818.871094 3.673996 116.997726 0.000000 False # A 3
-764.426331 -578.883362 11775.871094 0.593997 111.835693 0.000000 False # A 4
-1241.969849 442.031250 11814.871094 9.217985 -18.277256 0.000000 False # CT 5
-943.903931 -553.064880 11775.871094 -0.154000 99.656265 0.000000 False # A 5
-1063.968994 -419.981873 11775.871094 -0.021980 88.589706 0.000000 False # A 6
-815.009399 641.228088 11775.871094 0.682020 178.811142 0.000000 False # CT 6
-702.671936 562.088928 11775.871094 0.044004 150.409210 0.000000 False # CT 7
-1394.156372 876.565430 11775.871094 0.484005 -1.998848 0.000000 False # CT 8
-1963.032349 -461.528687 11784.871094
-1533.831421 -442.995392 11784.871094
-1526.614014 -184.513916 11784.871094
-1818.490356 -182.556519 11784.871094
-1820.068604 230.677078 11784.871094
-1025.501953 210.848740 11784.871094
-1025.501953 878.374756 11784.871094