under_to_b under_to_mid a_short
5 0.6
-778.720276 -2586.074219 172.971802 16.984118 88.581848 0.000000
-2082.212402 -2549.859863 457.49871800000005 9.503864 21.253397 0.000000 True
-1304.031250 -2447.972900 339.03125 0.307939 89.197937 0.000000 False
-1736.032837 -2249.585693 429.031281 32.867836 -82.858788 0.000000 False
-1844.031250 -2602.969727 422.941071 1.363852 87.457298 0.000000 False
-2909.317139 -1590.021484 551.535767 6.973895 -34.928631 0.000000 False
-2702.056885 -1576.376099 439.651154 -0.495885 -41.164425 0.000000 False
-2912.429199 -1900.624146 475.883423 1.408182 -19.394995 -0.000000 False
-2676.355957 -2716.328857 482.81018099999994 3.442121 15.125283 0.000000 False
-2731.319336 -2609.328125 481.79266399999995 3.618129 3.310786 0.000000 False
-2623.262207 -2495.547852 478.47351100000003 3.618128 -4.653204 0.000000 False
-2438.053467 -2443.102295 575.965698 16.906149 -15.939208 0.000000 False
-2404.088379 -2334.785645 476.160583 3.882149 -33.275238 -0.000000 False
-2117.005859 -2414.944336 476.692627 11.560122 -74.283112 0.000000 False
-3690.907227 -2047.640869 480.65344200000004 -0.297864 -20.633263 0.000000 False
-2975.305420 -1669.298584 521.18335 3.794140 -92.265167 -0.000000 False
-2688.523193 -1778.882568 475.41272000000004 0.076126 -124.649620 -0.000000 False
-3495.381104 -2490.898682 478.96759 0.494127 26.776335 0.000000 False
-2426.303467 -1891.411377 475.121887 0.318118 -148.071487 0.000000 True
-3935.511719 -1248.042725 519.99176 1.593986 -57.960690 0.000000 True
-3861.784424 -1185.185791 513.566223 1.483997 -63.628723 0.000000 False
-3538.566895 -1656.259888 514.555237 3.376000 -70.338432 0.000000 False
-3648.066162 -372.679077 515.882019 0.714000 -81.822769 0.000000 False
-3575.132080 -1628.656982 506.09832800000004 0.163992 -78.786873 0.000000 True
-3880.846436 -1206.960693 515.351501 0.757991 -38.614723 0.000000 True
-3236.019775 -641.530151 491.03125 -1.046018 -152.375854 0.000000 False
-2863.006836 -975.967957 435.03125 -4.874032 162.787292 0.000000 False
-3372.428955 -962.919067 491.101807 -0.298036 125.497246 0.000000 False
-2636.749023 936.362244 475.03125 -1.574042 -128.029800 0.000000 False
-3232.575439 -330.792969 521.78125 1.747956 -172.513657 0.000000 False
-2507.028320 1060.889404 483.03125 -1.244047 -130.465729 0.000000 False
-2556.434326 817.100342 475.15625 -1.200044 -148.263779 0.000000 False
-3099.692871 733.877808 483.03125 0.955955 -29.353666 0.000000 False
-2025.731445 573.529724 475.03125 0.009960 176.448227 0.000000 True
-2798.908203 556.673218 493.95581100000004 2.737961 146.924408 0.000000 False
-2123.020996 410.646240 483.03125 0.119962 161.642258 0.000000 False
-2026.370239 994.067810 483.03125 0.141978 -160.795883 0.000000 False
-2282.690674 41.594654 419.987854 -4.632015 132.067886 0.000000 False
-2206.768066 -503.000671 389.261688 -4.170015 116.425758 0.000000 False
-2560.781250 1349.646240 483.03125 -0.298017 -75.874283 0.000000 False
-2595.322021 1116.381104 483.03125 0.977986 -61.603977 0.000000 False
-2603.353516 -133.007202 435.03125 -2.674016 97.910461 0.000000 False
-2759.616455 334.028076 442.167419 -4.610013 63.722202 0.000000 False
-1986.362305 678.283813 475.03125 0.119988 167.781799 0.000000 False
-2634.966309 1494.932251 419.077026 -2.629985 -67.281662 0.000000 False
-794.033447 -2375.339355 161.23439
-789.967896 -2226.501953 253.03125
-810.168884 -2147.375488 253.03125
-866.103638 -2157.411377 255.50476099999997
-1034.911499 -2155.100342 349.03125
-1364.271240 -2167.522705 349.03125
-1428.104248 -2390.792725 349.03125
-1700.085083 -2384.593018 350.483734
-1802.377930 -2387.635010 409.640961
-2028.921631 -2551.553223 456.777588
-2151.881104 -2550.990967 486.714478
-2922.396240 -2474.039062 485.53125
-3177.490967 -2240.185059 483.84863299999995
-3455.165771 -2282.265381 487.41833499999996
-3700.370850 -1466.909424 505.632568
-3684.438232 -338.939453 526.850342
-3384.253906 -136.327454 531.78125
-3235.397461 151.363358 526.592224
-3176.566406 271.006989 494.950195
-2942.454834 713.036621 493.03125
-2439.296875 554.161011 493.03125
-2316.455811 733.573853 485.03125
-2413.872314 954.108704 486.49114999999995