a_long under_to_b under_to_mid
7 0.8
-778.720276 -2586.074219 172.971802 16.984118 88.581848 0.000000
-2082.212402 -2549.859863 457.49871800000005 9.503864 21.253397 0.000000 True
-1304.031250 -2447.972900 339.03125 0.307939 89.197937 0.000000 False
-1736.032837 -2249.585693 429.031281 32.867836 -82.858788 0.000000 False
-1844.031250 -2602.969727 422.941071 1.363852 87.457298 0.000000 False
-2909.317139 -1590.021484 551.535767 6.973895 -34.928631 0.000000 False
-2702.056885 -1576.376099 439.651154 -0.495885 -41.164425 0.000000 False
-2912.429199 -1900.624146 475.883423 1.408182 -19.394995 -0.000000 False
-3587.721191 -2174.769775 479.550659 0.131810 -1.225918 0.000000 False
-3544.935791 -2515.436768 479.28338599999995 0.417811 26.186039 0.000000 False
-2733.902588 -952.438049 435.03125 -2.024189 -82.603714 0.000000 False
-2598.468262 -991.952332 435.03125 -1.936190 -96.199783 0.000000 False
-2333.681152 -504.031738 409.491638 -4.741971 -118.948265 0.000000 False
-2293.601074 -803.494934 391.134827 -6.820186 -128.466934 0.000000 False
-2011.889038 -963.346802 390.491302 -6.094193 -143.471405 0.000000 False
-2091.031250 -1202.531250 435.03125 -4.874039 -151.661423 0.000000 False
-2154.673828 -1264.049316 375.486786 -9.054049 -152.643066 0.000000 True
-2140.124756 -1327.968506 365.787384 -9.098027 -174.628998 0.000000 False
-2899.706055 -880.088806 438.275452 -0.495976 -28.139004 0.000000 False
-2403.129639 -842.095154 435.03125 -1.595966 -141.351089 0.000000 False
-2287.049805 -583.968079 389.342468 -3.223966 -100.928535 0.000000 False
-2468.191895 492.635956 483.03125 4.190033 -79.099510 0.000000 False
-2671.312744 770.699707 478.4552 3.222034 -71.362968 0.000000 False
-2773.725342 590.701050 483.883789 4.498044 -62.298298 0.000000 False
-2583.909180 -616.968445 435.03125 6.918007 5.981838 0.000000 False
-2351.968750 -455.694458 392.195465 1.660004 -7.855812 0.000000 False
-2428.232666 -131.722717 410.446899 4.673998 -46.113995 0.000000 False
-2719.968750 -223.968750 435.03125 0.691996 -2.289894 0.000000 False
-2837.938477 -43.968750 442.139832 1.527987 -7.790020 0.000000 False
-2036.787354 1000.169495 483.03125 1.901992 -118.977745 0.000000 False
-2364.886230 1078.715942 483.03125 2.605991 -94.301712 0.000000 False
-2065.710449 632.871338 475.03125 1.704002 -140.779388 0.000000 True
-3099.688477 733.879333 483.03125 0.207986 -28.797884 0.000000 False
-2555.702148 1328.034058 483.03125 0.185986 -77.263710 0.000000 False
-2120.915771 409.593750 483.03125 0.559984 160.600555 0.000000 False
-2595.645752 1115.840088 483.03125 0.801984 -64.311363 0.000000 False
-2512.124023 837.683716 475.03125 0.889983 -47.973385 0.000000 False
-2634.966309 1494.932251 419.077026 -2.629985 -67.281662 0.000000 False
-794.033447 -2375.339355 161.23439
-789.967896 -2226.501953 253.03125
-810.168884 -2147.375488 253.03125
-866.103638 -2157.411377 255.50476099999997
-1034.911499 -2155.100342 349.03125
-1364.271240 -2167.522705 349.03125
-1428.104248 -2390.792725 349.03125
-1700.085083 -2384.593018 350.483734
-1802.377930 -2387.635010 409.640961
-1873.244751 -2249.087158 439.03125
-1953.984863 -2164.558350 442.575928
-2021.437500 -2118.375488 481.19494599999996
-2652.509277 -1720.979248 487.607178
-2717.340332 -1583.867188 449.640442
-2374.119385 -1162.356201 446.429352
-2301.308105 -1052.181396 406.206665
-2229.744141 -824.087952 400.471405
-2247.190674 -192.100037 399.087769
-2316.744385 -110.718384 401.44812
-2424.335449 -7.184265 445.220886
-2605.546387 135.998734 446.500641
-2571.358154 248.533325 449.578186
-2510.295166 400.746796 493.95959500000004
-2312.053711 774.147217 485.03125
-2413.872314 954.108704 486.49114999999995