b_long
6 0.73
-445.616333 -2271.078857 164.906830 -2.040501 103.789444 0.000000
-461.664673 -333.368896 20.262375000000006 -4.926423 -98.571404 0.000000 True
-454.062256 -1351.101196 69.32089199999999 -9.586480 -152.114532 0.000000 False
-107.213867 -1551.968750 42.984238000000005 -8.570806 167.374252 0.000000 False
-499.969543 -1551.968750 143.142868 -0.671888 134.916458 0.000000 False
-656.433960 -985.923889 23.058502000000004 -12.991886 -86.926476 0.000000 False
-611.022278 -70.912842 12.690810999999997 -0.519742 -83.999840 0.000000 False
-1297.184814 -879.200317 13.316742000000005 -0.269780 -11.125806 0.000000 False
-1757.971191 -869.968750 99.031250 3.619043 -6.920830 0.000000 True
-1278.669434 -1018.584045 4.370255 -1.078280 1.829454 0.000000 False
-1584.115234 -1077.045288 139.15625 12.089041 11.425616 0.000000 True
-1743.968750 -540.218750 99.03125 5.197530 -33.561928 0.000000 False
-1255.126221 -1087.847534 20.473404000000002 4.985672 48.731476 0.000000 False
-1742.968750 -325.417114 243.0625 13.802285 -46.863476 0.000000 True
-1465.847412 -443.191162 7.985031000000006 0.134679 -60.473625 0.000000 False
-1215.462891 -638.971191 37.493010999999996 3.041432 -90.368568 0.000000 False
-1460.161987 -344.031250 20.94986 1.270506 -85.998734 0.000000 False
-1014.045593 -480.060669 99.03125 12.820595 -140.748352 0.000000 False
-856.854553 -539.146179 99.03125 11.338257 -163.017822 0.000000 False
-869.868042 -450.274231 99.03125 7.642410 -149.026337 0.000000 False
-856.031250 -616.968750 99.03125 10.491261 -174.683609 0.000000 False
-724.287109 48.505146 46.313889 -3.484242 -120.379097 0.000000 False
-816.696045 133.444366 91.29245 -0.750742 -109.772316 0.000000 False
-991.344604 169.474945 99.179825 -0.346493 -94.275848 0.000000 False
-1143.968140 299.071075 39.050872999999996 -3.753597 -79.399040 0.000000 False
-787.031250 402.380005 99.03125 -0.038509 -98.717552 -0.000000 False
-1654.356201 583.147217 259.03125 7.392010 -55.360638 0.000000 False
-2000.187500 750.965759 301.28125 7.704677 -47.602966 0.000000 False
-1286.028564 -96.895020 144.03125 5.929210 -40.047115 0.000000 False
-1776.608154 332.335907 259.03125 8.508713 -39.662079 0.000000 False
-1800.156250 182.840179 240.74755900000002 7.103546 -31.879641 0.000000 True
-1736.622070 80.049416 112.20190400000001 0.211961 -28.325317 0.000000 False
-1148.365723 -276.456543 144.746277 7.854208 -20.291872 0.000000 False
-1870.746338 10.556633 131.03125 1.886803 -21.234392 -0.000000 False
-1809.031250 -321.480164 131.03125 2.464302 7.082349 0.000000 False
-1288.031250 -137.970276 19.128067 -15.226506 -11.918612 0.000000 False
-150.515137 223.442368 28.272873000000004 -4.138526 -153.231720 0.000000 False
-337.957764 -141.758057 25.92868 -5.274321 -179.124466 0.000000 False
-1537.329712 103.396057 90.602982 -0.076797 -44.330009 0.000000 False
-1288.085815 241.160095 20.414421000000004 -9.393758 1.235895 0.000000 False
-2034.082520 159.459793 131.03125 0.307950 -40.301884 0.000000 False
-2062.986816 295.931030 131.031235 0.115449 -50.812386 0.000000 False
-1800.152344 -612.172058 131.03125 0.346449 89.930023 0.000000 False
-1804.156250 215.044174 168.716309 5.178195 -90.249969 0.000000 False
-560.785583 -1825.326538 157.511337
-686.881287 -1442.380371 157.832672
-579.404175 -1315.709717 149.03125
-579.701843 -1069.723511 40.336166000000006
-577.005615 -966.201172 29.554305999999997
-1299.241211 -943.134583 19.358672999999996
-1306.571777 -624.813721 25.248244999999997
-1068.992065 -604.891541 109.03125
-982.552673 -608.791565 109.03125
-985.262268 -211.379028 109.03125
-1323.299072 -202.383057 117.207153
-1468.802979 -202.216187 141.781235
-1858.113281 -191.867554 141.03125