under_to_b a_long
7 0.8
-952.172852 -2175.865723 314.152771 -0.096173 170.753220 0.000000
-1862.728882 -908.031250 131.03125 1.752099 -81.939896 0.000000 False
-2004.019897 -868.685669 131.03125 5.794583 -49.196709 0.000000 False
-2119.968750 -800.031250 186.064941 10.068191 -41.932972 0.000000 False
-2159.968750 -864.031250 131.03125 4.331572 -30.119957 0.000000 False
-2159.968750 -906.560730 131.03125 4.139069 -23.478676 0.000000 False
-1977.590942 -1096.810547 131.03125 7.045835 7.475641 0.000000 False
-2052.365234 -1275.913940 307.281067 27.162067 47.469570 0.000000 False
-2031.972168 -1136.970825 131.03125 0.674212 43.421234 0.000000 True
-1976.031250 -1136.970581 131.03125 -1.847538 74.529236 0.000000 True
-2000.031250 -808.031250 160.53125 6.622450 -83.281860 0.000000 False
-1798.288330 -1359.968750 243.03125 10.741959 113.343719 0.000000 False
-1802.115112 -1275.839722 324.03125 27.662752 139.369766 0.000000 False
-2091.031250 -1202.531250 435.03125 44.005981 -54.029320 0.000000 False
-2320.028076 -1261.218384 435.524902 26.238256 -0.086097 0.000000 False
-3170.968750 -1042.531128 528.588196 8.662970 -15.755565 0.000000 False
-3167.904541 -1411.101318 523.498352 4.793736 6.112436 0.000000 True
-2999.025879 -1720.032715 517.88092 8.682232 28.384729 0.000000 False
-2654.614990 -1546.676636 438.684875 4.947866 29.938091 0.000000 False
-2860.471680 -880.101868 435.03125 0.789853 -35.859161 0.000000 False
-2291.000000 -583.969177 389.908783 -3.810902 -94.269188 0.000000 False
-2288.235352 95.024239 480.03216599999996 1.867844 -91.419930 0.000000 False
-2011.909180 -963.365051 390.492065 -4.446193 -139.236862 0.000000 False
-1364.517334 -2143.312256 349.03125
-1636.002197 -2115.878662 349.03125
-1644.450806 -2009.908081 349.03125
-1644.197876 -1992.735352 109.03125
-1620.069946 -1832.161377 109.03125
-1783.357910 -1832.964355 109.03125
-1768.069336 -985.640686 109.03125
-1800.995361 -970.748535 112.51071200000001
-1854.244141 -973.329346 141.03125
-1912.963867 -970.297913 141.03125
-1913.883423 -1022.733582 144.228531
-1911.880859 -1193.493530 253.03125
-1959.118530 -1293.915894 256.263977
-2248.191406 -1298.631226 444.465271
-2411.635742 -1303.853882 445.721649
-2374.119385 -1162.356201 446.429352