under_to_b b_short b_long a_long
7 0.9
-952.172852 -2175.865723 314.152771 -0.096173 170.753220 0.000000
-1862.728882 -908.031250 131.03125 1.752099 -81.939896 0.000000 False
-2004.019897 -868.685669 131.03125 5.794583 -49.196709 0.000000 False
-2119.968750 -800.031250 186.064941 10.068191 -41.932972 0.000000 False
-2159.968750 -864.031250 131.03125 4.331572 -30.119957 0.000000 False
-2159.968750 -906.560730 131.03125 4.139069 -23.478676 0.000000 False
-1977.590942 -1096.810547 131.03125 7.045835 7.475641 0.000000 False
-2052.365234 -1275.913940 307.281067 27.162067 47.469570 0.000000 False
-2031.972168 -1136.970825 131.03125 0.674212 43.421234 0.000000 True
-989.515198 -572.158386 99.03125 -0.404369 -156.886215 0.000000 False
-1011.910034 -492.748596 99.03125 -0.038616 -151.014832 0.000000 False
-1559.968750 -361.683411 31.793128999999993 -7.180389 -108.876434 0.000000 False
-1725.213135 -321.791260 243.0625 11.222691 -90.762421 0.000000 True
-1743.911865 -540.218750 99.03125 -0.539168 -89.203003 0.000000 False
-886.845459 -991.471741 21.874802000000003 -7.276564 169.027710 0.000000 True
-1263.789551 -1087.845703 3.168227999999999 -10.221799 150.470764 0.000000 False
-1580.729858 -1087.843750 139.28125 8.835812 108.698395 0.000000 False
-1559.968750 -1087.847778 3.879051000000004 -5.890437 89.814270 -0.000000 True
-856.028015 -638.968750 122.50929300000001 11.145804 -178.549744 0.000000 False
-1364.517334 -2143.312256 349.03125
-1636.002197 -2115.878662 349.03125
-1644.450806 -2009.908081 349.03125
-1644.197876 -1992.735352 109.03125
-1620.069946 -1832.161377 109.03125
-1783.357910 -1832.964355 109.03125
-1717.270264 -924.234741 109.03125
-1717.960815 -771.838806 109.03125
-1577.406372 -698.294800 109.03125
-1550.361450 -693.209839 30.446487
-1436.246704 -611.499939 22.469482