-249.690261 664.244384 32.031250 0.000000 311.539306 0.000000
-53.002033 920.594848 32.031250 0.000000 271.763305 0.000000
160.667861 802.781188 1.278616 0.000000 1.164550 0.000000
368.384735 787.469177 0.031250 0.000000 275.987548 0.000000
795.336975 755.359741 2.959373 0.000000 191.539916 0.000000
665.870727 1137.663696 160.031250 0.000000 264.808959 0.000000
200.718505 1156.876953 160.031250 0.000000 184.465942 0.000000
-215.861938 1155.806640 160.031250 0.000000 195.644531 0.000000
759.392578 343.371398 11.634622 0.000000 135.751342 0.000000
-259.899627 185.372253 2.402740 0.000000 346.356201 0.000000
-317.676971 -227.221939 6.363197 0.000000 13.278198 0.000000
107.804542 -213.446823 2.466861 0.000000 0.642700 0.000000
366.429748 -259.675903 2.261394 0.000000 355.369262 0.000000
626.339965 -361.484252 32.031250 0.000000 73.155174 0.000000
740.596618 -85.731399 32.031250 0.000000 100.085449 0.000000
-178.277175 -564.478271 160.031250 0.000000 80.645141 0.000000
285.603088 -560.295959 160.031250 0.000000 5.053710 0.000000
731.775207 -523.638244 160.031250 0.000000 55.245971 0.000000
