-1253.262084 963.356506 -511.968750 0.000000 267.945556 0.000000
-1259.990478 454.049804 -511.968750 0.000000 59.758911 0.000000
-1147.661499 -22.499002 -511.968750 0.000000 90.093383 0.000000
-1032.150390 32.460697 -223.968750 0.000000 54.199829 0.000000
-820.923706 -15.935359 -511.968750 0.000000 84.364013 0.000000
-565.361145 19.809709 -511.968750 0.000000 87.655639 0.000000
-399.783874 39.002754 -511.968750 0.000000 97.739868 0.000000
-809.434143 926.116943 -511.968750 0.000000 272.164306 0.000000
-661.016662 932.839355 -511.968750 0.000000 267.500610 0.000000
-171.454696 965.968750 -511.968750 0.000000 221.033935 0.000000
-357.888092 893.235351 -221.968750 0.000000 228.955078 0.000000
-128.498062 457.009216 -511.968750 0.000000 177.643432 0.000000
-149.077026 -37.528846 -511.968750 0.000000 96.597290 0.000000
-144.309356 1.425822 -375.968750 0.000000 152.655029 0.000000
-149.701156 904.019775 -375.968750 0.000000 225.521850 0.000000
-1265.656494 936.465026 -375.968750 0.000000 327.952880 0.000000
-1263.364135 57.558990 -375.968750 0.000000 37.117309 0.000000
-947.635925 877.696411 -511.968750 0.000000 257.640380 0.000000
