-164.423324 -159.714553 0.031250 0.000000 88.676147 0.000000
-527.690124 -173.224716 0.031250 0.000000 91.371192 0.000000
-871.232727 -155.748001 0.031250 0.000000 89.203491 0.000000
-1060.527709 41.023075 0.031250 0.000000 69.142456 0.000000
-1081.829223 841.596862 0.031250 0.000000 304.682617 0.000000
-852.884094 1051.159179 0.031250 0.000000 284.282562 0.000000
-537.358093 1044.859497 0.031250 0.000000 272.944335 0.000000
-187.039245 1045.223632 0.031250 0.000000 268.544311 0.000000
56.032897 858.751831 0.031250 0.000000 265.116577 0.000000
97.521018 397.234588 0.031250 0.000000 247.297973 0.000000
77.516334 -22.220090 0.031250 0.000000 97.494506 0.000000
281.172180 -189.060653 128.031250 0.000000 148.342895 0.000000
294.098724 454.817199 128.031250 0.000000 178.967285 0.000000
331.839233 1052.983154 128.031250 0.000000 212.060211 0.000000
-129.554718 409.785675 128.031250 0.000000 158.660278 0.000000
17.986442 503.664001 128.031250 0.000000 59.463500 0.000000
