6683.955078 3828.004394 -607.968750 0.000000 113.316299 0.000000
6212.527832 3944.853515 -607.968750 0.000000 22.148330 0.000000
6351.284179 3722.306152 -607.997131 0.000000 163.117156 0.000000
5765.440917 4108.153808 -511.968750 0.000000 -1.213273 0.000000
6324.968750 4094.031250 -477.968750 0.000000 -127.191497 0.000000
5757.257812 4414.661132 -500.409149 0.000000 -118.364059 0.000000
5894.628906 4806.480957 -442.490631 0.000000 29.214475 0.000000
4938.082519 4492.557617 -607.923583 0.000000 93.943817 0.000000
5363.524414 5014.849121 -831.968750 0.000000 64.998001 0.000000
4592.001953 5504.031250 -810.086730 0.000000 -3.264219 0.000000
5859.990234 5831.286132 -863.968750 0.000000 -134.888259 0.000000
4883.968750 6122.031250 -863.968750 0.000000 30.695814 0.000000
5377.968750 7086.582519 -991.968750 0.000000 -111.982101 0.000000
6500.316406 7228.968750 -863.968750 0.000000 -18.079040 0.000000
6504.979980 4146.521972 -607.968750 0.000000 -44.724636 0.000000
6460.000488 3892.551025 -607.968750 0.000000 95.538589 0.000000
7421.154296 6908.031250 -531.968750 0.000000 -93.406410 0.000000
7437.028808 5356.514160 -531.968750 0.000000 -154.489074 0.000000
7203.542480 5396.600097 -791.908569 0.000000 -104.802291 0.000000
6476.013183 4959.968750 -863.968750 0.000000 -69.930541 0.000000
5338.375000 5027.328613 -831.968750 0.000000 148.632919 0.000000
6564.036132 5028.575683 -607.968750 0.000000 42.352752 0.000000
5760.263183 4890.158203 -607.968750 0.000000 -85.885673 0.000000
6054.780273 4890.578125 -735.968750 0.000000 -32.757919 0.000000
5064.940429 4858.088378 -831.968750 0.000000 -43.606105 0.000000
5472.352050 3710.622314 -735.968750 0.000000 66.821357 0.000000
6391.429199 4175.830078 -735.968750 0.000000 177.590454 0.000000
5606.711914 3599.464843 -689.968750 0.000000 168.245620 0.000000
5039.956542 3836.125000 -831.968750 0.000000 36.051876 0.000000
4895.253906 4238.792968 -863.968750 0.000000 101.806678 0.000000
6248.212890 4016.256347 -735.968750 0.000000 174.264022 0.000000
