1007.975585 1972.031250 0.031250 0.000000 148.740081 0.000000
995.968750 2296.031250 0.031250 0.000000 140.512557 0.000000
995.968750 2543.968750 128.031250 0.000000 -169.595031 0.000000
544.031250 2144.031250 128.031250 0.000000 42.766841 0.000000
1007.968750 1932.169555 128.031250 0.000000 150.292922 0.000000
495.968750 2384.031250 0.031250 0.000000 167.233123 0.000000
-4.031250 1420.031250 -151.968750 0.000000 139.625579 0.000000
-911.968750 1995.849365 9.022192 0.000000 -42.618049 0.000000
-968.031250 1391.968750 0.031250 0.000000 -134.074035 0.000000
-1519.968750 49.031250 8.031250 0.000000 41.711322 0.000000
-1327.968750 1311.968750 -151.968750 0.000000 -22.959175 0.000000
-751.716613 864.031250 -151.968750 0.000000 45.807220 0.000000
-191.968750 608.031250 -150.968750 0.000000 72.975700 0.000000
144.002685 431.968750 -151.968750 0.000000 -52.436130 0.000000
1071.968750 -175.968750 -151.968750 0.000000 151.340652 0.000000
1043.968750 -743.148742 -151.968750 0.000000 160.862945 0.000000
150.682968 -85.447441 -151.968750 0.000000 -43.735095 0.000000
-423.968750 -80.031250 -151.968750 0.000000 -65.279182 0.000000
-224.031250 -1103.070068 -151.968750 0.000000 137.902130 0.000000
-448.031250 -2029.968750 -237.968750 0.000000 126.637100 0.000000
-1111.990478 -1600.387084 -151.968750 0.000000 -15.482912 0.000000
-464.031250 479.968750 8.031250 0.000000 -118.432418 0.000000
-603.208984 2159.993164 8.031250 0.000000 -89.411659 0.000000
927.968750 978.031250 -102.799842 0.000000 146.645675 0.000000
-655.968750 1168.031250 -55.968750 0.000000 40.129432 0.000000
-1139.968750 -200.591140 -151.968750 0.000000 -0.963881 0.000000
-727.968750 767.968750 8.031250 0.000000 -47.835002 0.000000
-319.968750 2527.968750 8.031250 0.000000 -37.774539 0.000000
