1908.189697 195.597518 -159.968750 0.000000 -123.563232 0.000000
2291.201171 32.790977 -159.968750 0.000000 -158.212234 0.000000
1932.183227 -501.330780 -159.968750 0.000000 130.415695 0.000000
1328.031250 -614.968750 -159.968750 0.000000 42.653610 0.000000
1455.968750 -80.031250 -159.968750 0.000000 -135.247192 0.000000
1181.968750 -818.031250 -159.968750 0.000000 -142.417938 0.000000
1263.968750 -2039.968750 -281.324066 0.000000 137.719680 0.000000
744.031250 -1072.031250 -252.493362 0.000000 -38.541221 0.000000
288.031250 -1312.031250 -279.968750 0.000000 -20.103681 0.000000
306.779968 -1584.029541 -335.968750 0.000000 -103.153114 0.000000
-38.606151 -2158.173828 -335.968994 0.000000 54.454502 0.000000
-506.723785 -1588.969360 -335.968841 0.000000 -120.485740 0.000000
-1468.703002 -1655.026245 -335.968750 0.000000 -19.007766 0.000000
-464.031250 -1455.968750 -239.968750 0.000000 140.399780 0.000000
-895.993530 -1215.968750 -239.968750 0.000000 46.468109 0.000000
-1504.031250 -1599.968750 -327.968750 0.000000 157.855163 0.000000
-1663.968750 -48.031250 -239.968750 0.000000 -60.390594 0.000000
-1379.968750 335.968750 -288.484710 0.000000 -47.992633 0.000000
-668.103149 -79.968750 -367.968750 0.000000 133.917007 0.000000
-1407.968750 1237.525756 -327.454681 0.000000 -41.979366 0.000000
-286.689453 414.689453 -159.968750 0.000000 155.338851 0.000000
-895.968750 -271.968750 -159.968750 0.000000 38.040992 0.000000
-273.000640 -185.938949 -159.968750 0.000000 137.093505 0.000000
173.968750 285.968750 -159.968750 0.000000 -115.944213 0.000000
134.968750 -1124.968750 -223.968750 0.000000 132.633987 0.000000
530.031250 386.031250 -159.968750 0.000000 30.844388 0.000000
1758.904296 751.457702 -159.968750 0.000000 -153.607330 0.000000
376.031250 -858.031250 -223.968750 0.000000 -42.536014 0.000000
570.766906 1005.968750 -159.968750 0.000000 -44.947021 0.000000
