344.195037 -1979.968750 -110.668212 0.000000 120.472381 0.000000
-345.212219 -2007.325805 -109.186584 0.000000 60.656890 0.000000
-349.290679 -1342.723999 -95.968750 0.000000 -4.258390 0.000000
214.268203 -1308.065917 -95.968750 0.000000 -136.030410 0.000000
-553.628417 -836.454772 -94.639907 0.000000 36.036785 0.000000
187.380706 -572.343627 -95.968750 0.000000 -116.783996 0.000000
399.373870 -1051.175537 -46.111431 0.000000 98.402412 0.000000
720.031250 -1106.651123 -125.968750 0.000000 57.271236 0.000000
1059.748535 -807.247375 -119.968750 0.000000 -160.817825 0.000000
656.031250 -363.799438 -127.968750 0.000000 2.973011 0.000000
952.212463 -179.999816 -125.968750 0.000000 -105.056648 0.000000
1031.664794 -733.483520 -127.968750 0.000000 -143.201675 0.000000
1240.186523 -861.959350 -126.194206 0.000000 -40.624576 0.000000
1783.458618 -997.305175 -128.168487 0.000000 99.907012 0.000000
2275.225585 -28.573869 -7.968750 0.000000 -157.181289 0.000000
2083.026855 -247.321884 0.031250 0.000000 115.916496 0.000000
1849.073242 738.911315 24.031250 0.000000 -90.385070 0.000000
1398.422363 261.436157 96.031250 0.000000 176.818969 0.000000
1091.768676 -48.216194 96.031250 0.000000 154.330474 0.000000
861.737915 206.816741 95.522964 0.000000 18.647699 0.000000
731.134582 535.572814 94.616134 0.000000 76.289855 0.000000
1312.271362 729.414062 97.170242 0.000000 -127.503662 0.000000
1128.448852 1025.685424 98.249069 0.000000 -123.198341 0.000000
855.968750 1621.071655 133.441696 0.000000 -166.168670 0.000000
1422.100830 1824.031250 159.706375 0.000000 171.133941 0.000000
839.892089 2093.108398 96.031250 0.000000 -95.443191 0.000000
264.395324 2288.730468 128.031250 0.000000 -145.226959 0.000000
-140.682556 2030.388671 128.031250 0.000000 -13.431506 0.000000
227.108322 1708.270874 117.485069 0.000000 -173.985321 0.000000
-293.638854 1313.377441 106.709823 0.000000 7.175977 0.000000
-319.144989 1592.597290 128.031250 0.000000 -1.267632 0.000000
-588.161010 2209.215087 128.031250 0.000000 1.221620 0.000000
-380.339721 1436.542358 128.031250 0.000000 88.249214 0.000000
-585.643676 1424.771606 128.031250 0.000000 79.220474 0.000000
-304.031250 1803.914062 128.031250 0.000000 -164.032104 0.000000
-1216.873291 1469.749023 96.031250 0.000000 0.952459 0.000000
-1055.961181 929.817077 96.031250 0.000000 49.106063 0.000000
-685.938293 1212.838745 96.031250 0.000000 -79.178131 0.000000
-41.691448 1221.424926 88.031250 0.000000 -124.173553 0.000000
-276.010131 1156.857910 96.031250 0.000000 -145.784179 0.000000
-123.342468 559.226928 0.031250 0.000000 -100.932884 0.000000
154.337356 380.219085 0.031250 0.000000 -177.635894 0.000000
-840.214660 -9.705537 8.031250 0.000000 22.395215 0.000000
-838.483520 365.529510 64.031250 0.000000 -27.054172 0.000000
-319.982208 -292.613006 0.031250 0.000000 138.641021 0.000000
281.947906 -284.626525 2.031250 0.000000 29.315538 0.000000
276.164489 164.133468 64.031250 0.000000 -68.287376 0.000000
506.444061 26.707715 11.241838 0.000000 -165.848495 0.000000
