2953.718505 -500.657287 -191.992752 0.000000 149.747192 0.000000
2851.664062 478.970642 -261.723937 0.000000 -122.130867 0.000000
1223.968750 517.276367 -497.579956 0.000000 166.317199 0.000000
1223.968750 965.577697 -507.768890 0.000000 -128.672073 0.000000
-202.166427 930.166015 -485.901123 0.000000 -78.350967 0.000000
-811.800964 287.628662 -507.218139 0.000000 14.967358 0.000000
92.968750 -144.031250 -499.962066 0.000000 -135.440429 0.000000
-751.968750 -1248.765258 -503.984985 0.000000 7.965087 0.000000
224.031250 -1638.502441 -217.907165 0.000000 74.316215 0.000000
-200.031250 -1675.968750 -150.425506 0.000000 113.081710 0.000000
495.968750 -559.010192 -206.994537 0.000000 -162.844848 0.000000
-212.140182 -272.016571 -220.660705 0.000000 -133.164550 0.000000
-1563.531250 -623.968750 -207.968750 0.000000 103.221511 0.000000
-1561.821044 208.796188 -182.024536 0.000000 -137.954803 0.000000
-1391.968750 847.968750 -176.019165 0.000000 -48.641548 0.000000
-1391.968750 176.031250 -173.658447 0.000000 42.985473 0.000000
68.031250 863.969604 -183.222076 0.000000 -41.016162 0.000000
144.031250 431.988464 -113.982498 0.000000 -37.163429 0.000000
1391.968750 427.968750 -216.401596 0.000000 -136.681549 0.000000
1771.968750 367.968750 -221.894638 0.000000 -126.872573 0.000000
1616.242919 -448.163909 -220.675201 0.000000 50.660972 0.000000
-1697.044921 1211.343139 -207.122024 0.000000 -134.946517 0.000000
-2703.524902 1232.469848 -312.966186 0.000000 -39.195148 0.000000
-2185.942626 640.031250 -219.109375 0.000000 136.466079 0.000000
-3051.968750 591.968750 -280.131652 0.000000 -39.289489 0.000000
-2447.194580 -324.268218 -307.096710 0.000000 134.132736 0.000000
-2991.261718 -1216.661132 -222.763687 0.000000 -2.200078 0.000000
-1424.031250 -1327.968750 -219.566070 0.000000 129.505783 0.000000
-1249.968750 -1635.968750 -201.353866 0.000000 63.335205 0.000000
