-1715.317871 1030.218627 1614.031250 0.000000 -25.755527 0.000000
-1230.255737 995.314514 1614.031250 0.000000 -122.808677 0.000000
-1259.342773 504.096954 1614.031250 0.000000 -167.226669 0.000000
-1729.336669 479.403533 1614.031250 0.000000 179.507247 0.000000
-1426.611938 -239.615875 1613.031127 0.000000 -2.853674 0.000000
-1175.217041 -228.998443 1615.136596 0.000000 61.331325 0.000000
-1173.123413 347.399810 1613.025512 0.000000 18.629314 0.000000
-535.601074 -78.279739 1663.031250 0.000000 -81.294486 0.000000
-387.249847 201.053192 1663.031250 0.000000 122.051536 0.000000
-1043.333740 -49.594413 1614.031250 0.000000 -135.318496 0.000000
-1042.070800 -453.997467 1614.031250 0.000000 158.186355 0.000000
-1040.540039 -805.998718 1615.064819 0.000000 -136.275604 0.000000
192.889114 -1451.781860 1659.031250 0.000000 117.164367 0.000000
181.044723 -999.316162 1590.541259 0.000000 133.829345 0.000000
-383.598480 -716.211303 1613.031250 0.000000 -41.337673 0.000000
-288.400543 -481.301116 1613.031250 0.000000 -29.985696 0.000000
-370.263397 -372.571441 1614.024780 0.000000 75.449325 0.000000
408.152557 -398.820861 1614.024780 0.000000 -174.096710 0.000000
528.358703 -557.092346 1614.024780 0.000000 -159.939727 0.000000
490.244049 -1259.593261 1617.562744 0.000000 -111.957733 0.000000
972.004394 -1432.835327 1614.031250 0.000000 87.659233 0.000000
873.756042 -393.890411 1614.031250 0.000000 47.861274 0.000000
1311.386840 -207.090606 1614.031250 0.000000 -162.945800 0.000000
838.935974 26.284904 1614.031250 0.000000 48.620147 0.000000
1729.968750 967.129821 1618.031250 0.000000 65.450096 0.000000
2217.238037 843.439819 1613.650390 0.000000 -114.432907 0.000000
2769.382080 342.778442 1615.968505 0.000000 54.230144 0.000000
3270.113281 348.421447 1619.984008 0.000000 -27.510858 0.000000
2040.260375 -506.107269 1615.444091 0.000000 -159.213867 0.000000
2452.145019 -951.058410 1613.192016 0.000000 -12.297753 0.000000
1553.911621 -1036.523193 1616.121582 0.000000 77.825210 0.000000
1543.460693 -521.250488 1619.949829 0.000000 109.241226 0.000000
728.029846 716.269775 1852.990478 0.000000 -97.305770 0.000000
528.779235 725.341186 1613.031250 0.000000 -89.847724 0.000000
100.692443 -148.968750 1614.311767 0.000000 103.664482 0.000000
-332.968750 969.551208 1687.031250 0.000000 35.057376 0.000000
194.442016 1326.279541 1687.016357 0.000000 0.572324 0.000000
422.735809 1313.632690 1687.016357 0.000000 -16.719678 0.000000
784.385375 2000.526123 1702.031250 0.000000 -109.614761 0.000000
889.037597 1525.233154 1702.031250 0.000000 -129.183670 0.000000
533.486083 1207.936767 1702.031250 0.000000 -94.269660 0.000000
142.454605 2129.357421 1688.031250 0.000000 -45.036712 0.000000
1031.146972 2079.345214 1717.031250 0.000000 -176.871963 0.000000
1277.585693 1699.237792 1702.031250 0.000000 -174.594894 0.000000
880.529296 1678.422973 1702.031250 0.000000 54.164157 0.000000
1030.550781 1590.654663 1701.028808 0.000000 -75.195907 0.000000
-296.714416 2171.575439 1687.031250 0.000000 169.237976 0.000000
-102.201103 1833.633911 1687.031250 0.000000 300.969299 0.000000
-191.825408 1651.928955 1687.031250 0.000000 -123.178054 0.000000
448.423065 1314.666137 1847.031250 0.000000 112.936912 0.000000
