-1329.319335 -94.396659 63.031250 0.000000 -0.729204 0.000000
-1448.845336 -434.902008 64.022010 0.000000 56.077022 0.000000
-684.025451 -306.858612 64.031333 0.000000 88.848083 0.000000
-443.084838 -187.410842 64.031250 0.000000 88.012084 0.000000
-237.860900 -186.690765 48.031250 0.000000 91.105270 0.000000
-23.084882 -191.968750 20.572250 0.000000 50.977279 0.000000
600.566284 40.049263 -0.968750 0.000000 179.177795 0.000000
157.234313 151.866531 4.532089 0.000000 -2.234235 0.000000
947.418945 310.754852 -0.968750 0.000000 148.663757 0.000000
1033.877929 767.293334 -0.968750 0.000000 -131.707229 0.000000
1157.361450 319.823211 -0.968750 0.000000 43.787689 0.000000
2008.442749 665.591430 0.018547 0.000000 -179.944381 0.000000
1759.610351 1213.719360 9.687854 0.000000 -81.672515 0.000000
1456.031250 1168.031250 21.268949 0.000000 80.218948 0.000000
548.739868 1299.695068 1.585152 0.000000 3.037692 0.000000
787.394531 1095.468872 8.031250 0.000000 -93.185958 0.000000
231.709564 1634.482177 1.485939 0.000000 49.286651 0.000000
1645.027832 2766.769531 104.031250 0.000000 -162.407058 0.000000
1331.237548 3091.042236 104.031250 0.000000 -101.462615 0.000000
245.425323 2783.377197 96.031250 0.000000 -143.304519 0.000000
-380.257049 2870.007812 56.031250 0.000000 -97.616889 0.000000
-1071.428344 2871.347412 1.189154 0.000000 -41.604804 0.000000
-863.527282 2359.152587 0.159652 0.000000 -9.209817 0.000000
-60.099674 2219.013183 56.482524 0.000000 131.029113 0.000000
-630.640869 1920.322021 0.031250 0.000000 2.243465 0.000000
-965.580810 1470.390502 0.031250 0.000000 -67.478752 0.000000
-1126.875976 852.889099 0.031250 0.000000 -24.174110 0.000000
-887.968750 470.216186 0.031250 0.000000 35.056480 0.000000
-495.288665 599.341491 0.031250 0.000000 164.260253 0.000000
-640.351074 804.326660 0.031250 0.000000 -12.302894 0.000000
-156.798492 598.056213 -0.000933 0.000000 90.901367 0.000000
-1098.879638 565.779418 0.031250 0.000000 50.689575 0.000000
-661.976135 909.622253 32.031250 0.000000 93.868927 0.000000
-201.627838 962.578308 32.031250 0.000000 179.224441 0.000000
-233.801452 1142.430786 32.031250 0.000000 90.691993 0.000000
-86.269828 1120.442382 32.031250 0.000000 86.846511 0.000000
159.982299 1573.155639 32.031250 0.000000 -155.068450 0.000000
-367.641540 2095.850097 32.031250 0.000000 -2.814469 0.000000
-51.539752 1829.064941 32.029861 0.000000 2.345420 0.000000
