-2569.775878 311.684051 -239.968750 0.000000 -34.690738 0.000000
-2875.489013 -2029.532836 48.031250 0.000000 52.746002 0.000000
-802.831542 -1045.154541 -122.448684 0.000000 27.441987 0.000000
-86.897468 -1203.616821 -120.802818 0.000000 34.213405 0.000000
-863.415954 -83.729103 128.031250 0.000000 -55.896080 0.000000
-510.568206 320.500122 0.031250 0.000000 -138.699768 0.000000
-1917.455688 795.401855 -177.390808 0.000000 139.448913 0.000000
-2856.742675 675.820861 0.031250 0.000000 -59.006652 0.000000
-2973.833007 -1230.116821 32.031250 0.000000 44.408069 0.000000
-2549.452148 -614.237304 26.106948 0.000000 -120.462730 0.000000
-2957.148437 -1666.924682 48.031250 0.000000 52.368095 0.000000
-2576.628173 -496.636291 -79.428405 0.000000 46.724815 0.000000
-1000.050476 724.773315 16.031250 0.000000 -42.161510 0.000000
-1561.482055 363.902313 0.031250 0.000000 57.214797 0.000000
-1576.257812 808.521789 64.031250 0.000000 -44.002761 0.000000
-1304.581787 886.496765 64.031250 0.000000 142.905441 0.000000
-3368.878662 -234.254013 -29.968750 0.000000 45.334884 0.000000
-2890.613769 114.477783 -159.968750 0.000000 -45.665386 0.000000
-2662.645507 -142.634765 -95.968750 0.000000 138.474960 0.000000
-2035.980957 51.304122 -239.968750 0.000000 140.352508 0.000000
-2040.773681 -47.297981 -233.384216 0.000000 -120.092910 0.000000
-1958.077148 -1491.568603 -2.833274 0.000000 -126.567306 0.000000
-1721.778076 -1634.480346 96.031250 0.000000 150.568862 0.000000
-1805.790649 -1060.307495 0.031250 0.000000 -100.135177 0.000000
-1044.963134 -739.565490 -95.588363 0.000000 -120.783233 0.000000
-1042.955200 -1225.404907 -87.968750 0.000000 153.977767 0.000000
-1123.176025 -599.715576 -31.968750 0.000000 37.494312 0.000000
-807.976013 -798.396484 -31.968750 0.000000 62.834426 0.000000
-458.696289 -694.692810 -31.968750 0.000000 138.984909 0.000000
-655.056762 -521.835083 -31.968750 0.000000 -41.329990 0.000000
490.000457 -299.936096 -76.967864 0.000000 -123.955009 0.000000
593.859680 -1472.432617 -79.968750 0.000000 126.392517 0.000000
740.972412 -541.761657 -87.486022 0.000000 -128.825744 0.000000
754.065734 -445.723663 0.031250 0.000000 -176.464752 0.000000
-146.548294 -21.070859 -31.968750 0.000000 -27.905761 0.000000
-684.171386 -321.483947 -29.380725 0.000000 36.543273 0.000000
-532.076110 723.145568 16.031250 0.000000 -133.103195 0.000000
-460.363677 1031.563110 16.031250 0.000000 -126.628509 0.000000
571.533935 2079.671142 64.031250 0.000000 -143.795104 0.000000
312.463531 2196.276123 -290.497741 0.000000 168.090576 0.000000
347.083068 2319.968750 -253.782058 0.000000 171.891677 0.000000
-1347.762817 1897.364624 -17.144741 0.000000 147.477981 0.000000
-1379.102539 2639.181396 -63.968750 0.000000 -141.243286 0.000000
-2687.788085 1824.576660 16.031250 0.000000 29.650508 0.000000
-2832.796875 1379.788574 0.031250 0.000000 -59.450050 0.000000
-3285.509033 236.853302 0.031250 0.000000 32.144760 0.000000
-3455.445312 -633.356750 32.031250 0.000000 54.099308 0.000000
-2971.410644 -445.691131 11.282437 0.000000 -53.094234 0.000000
-2889.392089 -1863.022094 176.031250 0.000000 58.755947 0.000000
-2069.138183 -1957.942138 -13.398060 0.000000 132.887176 0.000000
-1601.552856 -1345.969238 0.031250 0.000000 59.200618 0.000000
798.037597 -973.271972 -98.658325 0.000000 133.759994 0.000000
789.955810 -105.999992 0.031250 0.000000 -170.503036 0.000000
-999.962463 408.013946 0.031250 0.000000 38.238708 0.000000
367.968750 656.002136 28.031250 0.000000 150.945861 0.000000
440.625061 2639.940185 64.031250 0.000000 -158.878204 0.000000
-678.779357 2085.834472 -199.881546 0.000000 33.331577 0.000000
-2557.430908 2623.910644 16.031250 0.000000 -45.858940 0.000000
-2700.689208 351.753509 0.031250 0.000000 148.764099 0.000000
-2044.787719 553.718750 -177.213729 0.000000 134.904006 0.000000
-1296.031250 1583.968750 64.031250 0.000000 -127.795074 0.000000
-751.968750 2671.991699 -158.073944 0.000000 -47.473705 0.000000
-2479.968750 -32.031250 -223.629806 0.000000 -54.370002 0.000000
-975.993896 -15.999223 128.031250 0.000000 79.119277 0.000000
-360.532806 1114.116943 128.031250 0.000000 61.981983 0.000000
