815.992004 3823.968750 48.031250 0.000000 -140.009567 0.000000
1695.968750 3820.968750 48.031250 0.000000 -133.428955 0.000000
1886.968750 3503.968750 -107.975944 0.000000 -146.035766 0.000000
1616.010375 2838.068847 -111.224006 0.000000 86.447174 0.000000
890.353454 3208.312744 1.471721 0.000000 -156.665039 0.000000
-400.628997 2848.031250 33.747291 0.000000 47.129386 0.000000
-568.031250 3759.968750 27.333978 0.000000 -129.800598 0.000000
-1775.968750 3405.844482 1.142193 0.000000 3.735374 0.000000
-1999.987426 2767.450439 32.031250 0.000000 2.433180 0.000000
-1647.968750 2064.031250 32.031250 0.000000 43.929397 0.000000
-1423.968750 2255.968750 -175.968750 0.000000 -55.112678 0.000000
-1133.964477 399.996063 32.031250 0.000000 -5.904534 0.000000
-1039.968750 144.031250 32.031250 0.000000 45.069438 0.000000
-1311.968750 544.031250 -63.968750 0.000000 28.595220 0.000000
-562.031250 -39.031250 0.031250 0.000000 -126.101142 0.000000
-49.031250 -1388.968750 3.699597 0.000000 133.523315 0.000000
-751.968750 -1839.968750 73.817520 0.000000 54.634906 0.000000
-16.003944 -1823.968750 71.535110 0.000000 101.584136 0.000000
799.974853 -1829.543457 85.920150 0.000000 133.988723 0.000000
719.509887 -753.968750 46.068546 0.000000 147.233276 0.000000
580.656250 -16.031250 11.946987 0.000000 -99.835716 0.000000
-432.712951 -745.881225 13.696495 0.000000 6.359844 0.000000
-47.968750 83.031250 0.031250 0.000000 36.678958 0.000000
851.031250 876.968750 0.031250 0.000000 -57.712944 0.000000
2567.968750 256.031250 10.797328 0.000000 134.289398 0.000000
2543.968750 1199.968750 32.031250 0.000000 -163.190917 0.000000
-239.968750 1583.968750 32.031250 0.000000 -50.136108 0.000000
-1295.968750 1532.968750 0.031250 0.000000 -50.663452 0.000000
-109.968750 1797.031250 32.031250 0.000000 43.207801 0.000000
751.968750 2097.592285 0.031250 0.000000 137.584777 0.000000
