139.072952 -1163.968750 2.874617 0.000000 136.212768 0.000000
-299.998321 -1163.974487 77.698394 0.000000 69.373168 0.000000
-249.678131 -1034.788085 67.496475 0.000000 71.196899 0.000000
-217.328338 -891.164855 47.109436 0.000000 91.159667 0.000000
-330.559173 -849.440795 74.172164 0.000000 91.829223 0.000000
-463.921142 -884.856018 103.487602 0.000000 89.016723 0.000000
-547.324523 -984.514648 125.523986 0.000000 88.385009 0.000000
-684.483276 -927.710449 120.263656 0.000000 88.143310 0.000000
-818.578552 -846.109985 115.726585 0.000000 87.236938 0.000000
-950.494812 -906.525146 120.073532 0.000000 86.599731 0.000000
-982.031250 -638.031250 128.599365 0.000000 205.839843 0.000000
-1787.996826 -1059.998901 130.242523 0.000000 56.962890 0.000000
-2203.968750 -1031.968750 128.391387 0.000000 36.430664 0.000000
-2202.488525 -654.657043 128.031250 0.000000 354.489135 0.000000
-980.000122 -396.995697 128.531280 0.000000 204.487304 0.000000
-980.031250 -180.003585 150.031250 0.000000 208.613891 0.000000
-1131.683105 -180.031250 190.031250 0.000000 246.831054 0.000000
-1496.011474 -93.968750 8.670623 0.000000 103.666992 0.000000
-1287.525756 52.004314 10.031250 0.000000 119.388427 0.000000
-1331.951416 491.533142 9.194388 0.000000 177.203979 0.000000
-2057.951171 -136.031250 15.275787 0.000000 335.687255 0.000000
-2043.968750 164.031250 9.922150 0.000000 34.804687 0.000000
-2043.968750 491.999084 31.387598 0.000000 338.812866 0.000000
-2043.999389 587.968750 38.171314 0.000000 326.539916 0.000000
-1899.968750 679.968750 36.842994 0.000000 312.874145 0.000000
-1332.031250 556.936767 37.681915 0.000000 206.937255 0.000000
-1428.031250 679.996643 36.635101 0.000000 190.832519 0.000000
-1332.028808 491.983459 9.217792 0.000000 194.155883 0.000000
-1554.031250 982.001220 36.745388 0.000000 130.473632 0.000000
-1837.995361 982.031250 40.591491 0.000000 71.032104 0.000000
-2168.968750 1042.000366 40.191009 0.000000 19.753417 0.000000
-2181.190429 1244.968750 39.698852 0.000000 348.825683 0.000000
-1864.378662 1386.973022 38.267318 0.000000 333.087768 0.000000
-1682.031250 1386.968750 42.629135 0.000000 211.518554 0.000000
-1687.792846 1283.666503 37.326999 0.000000 263.475341 0.000000
-1388.030273 1261.999633 37.039505 0.000000 232.496948 0.000000
-1298.439697 1239.998168 72.031250 0.000000 259.369506 0.000000
-1216.392089 1261.968750 104.051239 0.000000 339.285278 0.000000
-1199.968750 1343.001708 -106.131271 0.000000 10.167846 0.000000
-1199.820922 1507.968750 -75.968750 0.000000 348.788452 0.000000
-874.031250 1344.019287 -108.885566 0.000000 126.513061 0.000000
-763.968750 1334.031250 -111.678787 0.000000 26.641845 0.000000
-556.031250 1334.010864 -108.306625 0.000000 120.219116 0.000000
-556.012756 1516.716308 -110.791351 0.000000 277.194824 0.000000
-275.011962 1345.422485 -122.309051 0.000000 256.717529 0.000000
-275.031250 1495.031250 -111.743034 0.000000 139.498901 0.000000
-489.968750 1582.369140 -126.869918 0.000000 297.548217 0.000000
-569.968750 1670.031250 -115.913398 0.000000 46.955566 0.000000
-342.031250 1663.630981 -127.403587 0.000000 111.248779 0.000000
-276.031250 1761.716918 -98.938278 0.000000 170.348510 0.000000
-760.024353 2066.031250 -104.036514 0.000000 136.724853 0.000000
-871.968750 2066.018066 -74.447311 0.000000 53.178100 0.000000
-618.031250 2549.599609 -81.604171 0.000000 251.334228 0.000000
-337.031250 2423.969726 -80.715621 0.000000 231.767578 0.000000
-1195.021118 2070.031250 14.682113 0.000000 141.118164 0.000000
-1273.999633 2575.968750 67.290817 0.000000 350.363769 0.000000
-1070.031250 2694.409667 139.155059 0.000000 244.281005 0.000000
-1362.031250 2755.004882 18.076171 0.000000 176.759033 0.000000
-1366.031250 2565.988769 4.644914 0.000000 230.180053 0.000000
-1698.984375 2855.968750 20.389045 0.000000 297.697753 0.000000
-1526.271240 2855.541503 8.013072 0.000000 242.655029 0.000000
-2093.968750 3117.968750 41.364578 0.000000 297.383422 0.000000
-1984.009765 3117.968750 34.031250 0.000000 255.130004 0.000000
-2093.999267 2905.031250 32.562377 0.000000 342.570190 0.000000
-1906.013916 3000.756103 39.920135 0.000000 258.458862 0.000000
-2101.968750 2520.008056 37.652908 0.000000 9.361572 0.000000
-2155.971923 2407.734619 27.215387 0.000000 311.522827 0.000000
-2182.968750 2285.968750 4.268487 0.000000 314.609985 0.000000
-2182.999511 2098.031250 6.042888 0.000000 28.383178 0.000000
-2157.968750 2029.968750 10.181405 0.000000 307.364501 0.000000
-2157.999755 1814.031250 9.460355 0.000000 40.737304 0.000000
-1884.005737 1814.024414 18.808235 0.000000 99.107666 0.000000
-1764.968750 1814.031250 3.152427 0.000000 48.378295 0.000000
-1707.999633 1620.031250 5.461357 0.000000 71.900024 0.000000
-1626.230468 1620.031250 3.954193 0.000000 106.228027 0.000000
-1564.163330 1743.740600 2.424873 0.000000 98.320922 0.000000
-605.968750 1911.968750 -109.393173 0.000000 310.346069 0.000000
-90.903999 2278.997314 -126.738098 0.000000 328.078002 0.000000
-57.968750 2010.031250 -121.510986 0.000000 37.133789 0.000000
85.504577 2377.272949 -114.114753 0.000000 347.162475 0.000000
88.031250 2531.968750 -117.021682 0.000000 321.694946 0.000000
277.938018 2546.968750 -115.468750 0.000000 288.121948 0.000000
487.998046 2531.968750 -106.470809 0.000000 269.943847 0.000000
769.224914 2379.968750 -31.487916 0.000000 331.461791 0.000000
1004.968750 2379.968750 27.467889 0.000000 210.667114 0.000000
564.031250 2379.995605 14.030023 0.000000 282.174072 0.000000
914.031250 2042.013793 -9.154258 0.000000 25.609130 0.000000
1770.263916 2263.998291 7.209693 0.000000 227.257690 0.000000
1787.990966 1812.031250 1.861228 0.000000 166.578979 0.000000
1300.075439 2344.672119 26.122154 0.000000 272.241210 0.000000
1300.002929 2446.977294 52.740089 0.000000 88.691406 0.000000
1561.999755 3059.968750 128.031250 0.000000 250.875244 0.000000
1051.031250 3059.968750 131.043411 0.000000 305.546264 0.000000
1345.628540 2901.930664 119.523765 0.000000 269.824218 0.000000
891.873718 2763.968750 102.952972 0.000000 308.792724 0.000000
752.031250 2763.992919 101.775131 0.000000 306.404418 0.000000
987.968750 2444.006835 98.164779 0.000000 209.080810 0.000000
563.999877 2763.968750 97.378669 0.000000 248.247070 0.000000
278.004821 2763.968750 139.031250 0.000000 290.813598 0.000000
278.001281 2522.200927 101.381050 0.000000 292.318725 0.000000
278.001098 2113.805664 100.770507 0.000000 33.255615 0.000000
489.968750 1943.968750 96.758255 0.000000 259.743041 0.000000
489.999847 1749.968750 7.723255 0.000000 231.179809 0.000000
427.185455 1747.979858 5.496189 0.000000 282.738647 0.000000
489.995086 1446.031250 2.598100 0.000000 207.671234 0.000000
409.968750 1365.031250 0.719740 0.000000 148.360931 0.000000
47.968750 1581.968750 4.961462 0.000000 240.364379 0.000000
-112.968750 1581.999389 4.823073 0.000000 259.211425 0.000000
-621.968750 627.999023 8.031250 0.000000 338.851318 0.000000
-725.012084 493.999786 25.031250 0.000000 358.016967 0.000000
-687.388732 269.014770 9.331230 0.000000 38.261108 0.000000
-637.999267 212.000167 8.942469 0.000000 52.329101 0.000000
-491.998352 -43.968750 1.009388 0.000000 76.618652 0.000000
-491.968750 -228.032394 1.402433 0.000000 301.228637 0.000000
-491.993316 -593.968750 21.292234 0.000000 14.821777 0.000000
-84.031250 -470.031250 8.041992 0.000000 214.546508 0.000000
116.021514 -276.031250 2.710605 0.000000 303.881835 0.000000
148.031250 -182.012405 8.031250 0.000000 44.620971 0.000000
404.618469 -363.968750 9.031250 0.000000 68.099975 0.000000
596.031250 -407.903381 9.081249 0.000000 83.931274 0.000000
757.097351 -347.968750 8.031250 0.000000 101.601562 0.000000
747.999206 235.968750 9.031250 0.000000 214.189453 0.000000
459.972412 453.974151 5.659374 0.000000 235.905151 0.000000
257.722259 457.968750 0.621341 0.000000 269.236450 0.000000
148.031250 8.986146 8.023162 0.000000 53.052978 0.000000
539.450195 342.312744 10.242225 0.000000 80.556030 0.000000
740.968750 565.550109 1.309936 0.000000 250.543212 0.000000
539.724304 696.572509 1.260009 0.000000 32.898559 0.000000
560.409545 807.639221 5.267318 0.000000 26.839599 0.000000
516.017333 963.993286 2.631723 0.000000 14.489746 0.000000
535.272583 1157.483032 3.288051 0.000000 301.216430 0.000000
685.968750 1179.357666 6.031250 0.000000 258.145751 0.000000
860.031250 790.000427 3.839355 0.000000 45.252685 0.000000
916.031250 1195.968750 36.031250 0.000000 324.447021 0.000000
982.001159 597.043395 9.286018 0.000000 62.083740 0.000000
968.000122 215.031250 13.695255 0.000000 70.795898 0.000000
1227.968750 215.001144 11.218200 0.000000 87.187500 0.000000
1292.000122 224.440582 -179.148010 0.000000 71.721458 0.000000
1571.968750 202.528579 -178.928268 0.000000 97.882690 0.000000
1707.970458 1011.226013 4.109914 0.000000 179.577026 0.000000
1768.466308 982.971435 0.116180 0.000000 182.235717 0.000000
1763.813598 774.905883 7.950597 0.000000 155.219116 0.000000
1768.993652 310.031250 59.428958 0.000000 106.160888 0.000000
1636.031250 310.000061 58.779960 0.000000 96.300659 0.000000
