-976.031250 -176.031250 161.905944 0.000000 -126.217002 0.000000
-879.968750 -656.031250 158.072723 0.000000 -33.887329 0.000000
367.968750 -879.968750 36.924942 0.000000 142.855224 0.000000
-495.968750 -591.968750 2.031250 0.000000 56.398315 0.000000
-703.387756 272.031250 8.239637 0.000000 50.586547 0.000000
751.968750 -367.968750 17.191516 0.000000 140.449218 0.000000
528.031250 338.139770 11.718185 0.000000 39.737548 0.000000
699.999938 1199.968750 11.254111 0.000000 -95.866699 0.000000
1231.968750 208.031250 13.659461 0.000000 109.358924 0.000000
1296.031250 176.031250 -186.018798 0.000000 61.819992 0.000000
1743.994873 336.031250 64.031250 0.000000 137.449951 0.000000
1750.522338 1808.031250 49.924793 0.000000 149.595336 0.000000
1546.968750 3039.968750 133.083801 0.000000 -119.586181 0.000000
399.035614 2767.968750 96.031250 0.000000 -50.284423 0.000000
560.004150 2383.987304 29.770420 0.000000 -34.354248 0.000000
479.983764 2527.973144 -126.968750 0.000000 -130.737304 0.000000
-92.559547 2273.085693 -126.926643 0.000000 -60.836791 0.000000
-272.031250 1744.025390 -127.034660 0.000000 159.760208 0.000000
416.031250 1775.968750 0.031250 0.000000 -75.883316 0.000000
-1384.530273 1254.988159 32.031250 0.000000 -143.188522 0.000000
-1328.031250 16.031250 13.970605 0.000000 123.731040 0.000000
-2159.968750 -704.031250 159.023971 0.000000 -27.754692 0.000000
-1424.031250 -160.031250 133.223266 0.000000 139.199386 0.000000
-2191.021484 1251.798461 32.031250 0.000000 -10.697137 0.000000
-2159.968750 1808.031250 33.023971 0.000000 40.822101 0.000000
-1665.409423 1616.031250 21.229885 0.000000 93.422241 0.000000
-2019.993652 3119.968750 32.031250 0.000000 -87.717567 0.000000
-1030.128906 2094.918457 -35.096858 0.000000 34.683979 0.000000
-1199.998413 1352.010375 -111.968750 0.000000 7.608226 0.000000
-1933.914184 601.605773 32.031250 0.000000 22.341619 0.000000
-1360.479370 2750.010253 13.497230 0.000000 176.070861 0.000000
1037.031250 3055.968750 168.008819 0.000000 -70.786003 0.000000
96.031250 2527.993164 -126.968750 0.000000 -48.963123 0.000000
