-1408.031250 877.968750 -54.912723 0.000000 -115.197143 0.000000
-1343.968750 591.968750 -55.968750 0.000000 -66.460762 0.000000
-863.968750 746.262084 -28.850898 0.000000 -35.455169 0.000000
-432.031250 432.031250 42.031250 0.000000 135.624511 0.000000
-214.099822 64.069297 182.031250 0.000000 89.145545 0.000000
236.968750 207.968750 182.031250 0.000000 -119.493522 0.000000
816.059265 -770.968750 93.006027 0.000000 73.834266 0.000000
992.031250 -551.968750 256.031250 0.000000 57.314636 0.000000
1987.016113 -239.968750 256.031250 0.000000 52.583728 0.000000
2064.031250 -527.968750 113.355575 0.000000 62.120086 0.000000
2663.968750 -16.031250 80.031250 0.000000 -138.706893 0.000000
1808.031250 703.968750 160.031250 0.000000 -54.499263 0.000000
2431.995849 1361.939208 160.031250 0.000000 90.494346 0.000000
1612.031250 1616.031250 160.031250 0.000000 44.846153 0.000000
2239.968750 2863.968750 152.031250 0.000000 -135.011001 0.000000
2583.968750 2607.977539 140.304016 0.000000 -163.436004 0.000000
2703.968750 1616.031250 160.031250 0.000000 161.809188 0.000000
2495.968750 938.498107 160.031250 0.000000 177.149322 0.000000
1338.011840 -107.968750 128.031250 0.000000 46.417247 0.000000
843.968750 727.968750 96.031250 0.000000 -115.665901 0.000000
32.031250 432.031250 70.515518 0.000000 50.048217 0.000000
-95.999641 1374.608398 106.031250 0.000000 -0.215541 0.000000
352.830413 2127.996582 134.656524 0.000000 -58.522445 0.000000
879.968750 1880.031250 135.524475 0.000000 150.601425 0.000000
337.421386 2442.031250 160.031250 0.000000 113.381629 0.000000
616.031250 3279.968750 160.031250 0.000000 -24.535526 0.000000
-573.968750 911.968750 -31.968750 0.000000 -51.301803 0.000000
-388.894348 -615.992431 192.031250 0.000000 89.468498 0.000000
2568.651611 567.994628 212.005752 0.000000 -136.758270 0.000000
16.031250 3253.968750 160.042175 0.000000 -73.452682 0.000000
