-863.968750 746.262084 -28.850898 0.000000 -35.455169 0.000000
-432.031250 432.031250 42.031250 0.000000 135.624511 0.000000
-214.099822 64.069297 182.031250 0.000000 89.145545 0.000000
236.968750 207.968750 182.031250 0.000000 -119.493522 0.000000
816.059265 -770.968750 93.006027 0.000000 73.834266 0.000000
992.031250 -551.968750 256.031250 0.000000 57.314636 0.000000
1987.016113 -239.968750 256.031250 0.000000 52.583728 0.000000
2064.031250 -527.968750 113.355575 0.000000 62.120086 0.000000
2663.968750 -16.031250 80.031250 0.000000 -138.706893 0.000000
1808.031250 703.968750 160.031250 0.000000 -54.499263 0.000000
2431.995849 1361.939208 160.031250 0.000000 90.494346 0.000000
1612.031250 1616.031250 160.031250 0.000000 44.846153 0.000000
2239.968750 2863.968750 152.031250 0.000000 -135.011001 0.000000
2583.968750 2607.977539 140.304016 0.000000 -163.436004 0.000000
2703.968750 1616.031250 160.031250 0.000000 161.809188 0.000000
2495.968750 938.498107 160.031250 0.000000 177.149322 0.000000
1338.011840 -107.968750 128.031250 0.000000 46.417247 0.000000
843.968750 727.968750 96.031250 0.000000 -115.665901 0.000000
32.031250 432.031250 70.515518 0.000000 50.048217 0.000000
-89.219497 1419.535156 106.031250 0.000000 -33.657669 0.000000
352.830413 2127.996582 134.656524 0.000000 -58.522445 0.000000
851.919006 1890.902587 133.428573 0.000000 146.502273 0.000000
337.421386 2442.031250 160.031250 0.000000 113.381629 0.000000
616.031250 3279.968750 160.031250 0.000000 -24.535526 0.000000
-573.968750 911.968750 -31.968750 0.000000 -51.301803 0.000000
-388.894348 -615.992431 192.031250 0.000000 89.468498 0.000000
2568.651611 567.994628 212.005752 0.000000 -136.758270 0.000000
16.031250 3253.968750 160.042175 0.000000 -73.452682 0.000000
2458.926757 -32.118637 80.031250 0.000000 -59.966156 0.000000
2663.968750 -246.367034 80.031250 0.000000 -175.802307 0.000000
2607.203613 -488.114227 107.510360 0.000000 131.592651 0.000000
1977.051513 -223.667648 80.031250 0.000000 24.433145 0.000000
2575.968750 55.132102 212.031250 0.000000 -152.693206 0.000000
1999.128540 680.661071 160.031250 0.000000 -117.186912 0.000000
1823.702758 287.555419 160.031250 0.000000 19.328851 0.000000
1191.424072 355.392425 128.031250 0.000000 -31.869663 0.000000
1027.956665 37.083992 256.031250 0.000000 -22.714315 0.000000
1006.149780 -251.694015 256.031250 0.000000 59.329593 0.000000
999.426818 -322.771911 256.031250 0.000000 -33.189216 0.000000
943.999267 -770.968750 102.031250 0.000000 92.157562 0.000000
294.881988 -678.992065 96.031250 0.000000 46.754680 0.000000
-306.942657 -339.777313 192.031250 0.000000 -130.275100 0.000000
-326.666046 375.091400 182.031250 0.000000 -124.898048 0.000000
39.931091 373.536499 182.031250 0.000000 -149.198486 0.000000
38.263603 277.675598 182.031250 0.000000 -149.198486 0.000000
-108.968750 207.968750 182.031250 0.000000 -59.516666 0.000000
114.121971 199.871078 182.031250 0.000000 -135.903152 0.000000
-973.135009 228.226882 0.031250 0.000000 -46.137752 0.000000
-961.721008 -476.628936 0.031250 0.000000 2.309750 0.000000
-670.932189 -457.352905 6.807952 0.000000 99.638198 0.000000
-501.693176 5.272254 11.739336 0.000000 -39.266475 0.000000
-161.843154 -264.820556 34.591392 0.000000 149.455490 0.000000
662.003295 7.688885 93.411827 0.000000 -140.226333 0.000000
673.614379 716.803527 96.031250 0.000000 -58.488674 0.000000
469.907135 2476.315185 160.031234 0.000000 96.465263 0.000000
35.614475 2617.743896 160.031234 0.000000 42.154060 0.000000
380.031250 3548.023193 160.031250 0.000000 -26.764429 0.000000
789.944946 3581.920654 161.722778 0.000000 -135.127914 0.000000
785.597473 3358.906005 134.417251 0.000000 132.299621 0.000000
1003.860290 3477.154052 128.031250 0.000000 -149.948074 0.000000
622.336669 3069.117431 160.031250 0.000000 38.825103 0.000000
1045.130615 2908.125976 128.031250 0.000000 120.655632 0.000000
1121.000732 3279.968750 128.031250 0.000000 -84.298187 0.000000
1325.658203 2644.936523 142.653305 0.000000 115.222938 0.000000
1561.523681 2968.430175 126.271659 0.000000 -42.300632 0.000000
1303.728393 1234.072143 166.017303 0.000000 -48.388996 0.000000
1317.699340 823.283569 146.344955 0.000000 -56.469303 0.000000
295.968750 432.007568 106.686714 0.000000 111.978302 0.000000
-1426.841552 39.335552 -63.968750 0.000000 114.408554 0.000000
-1424.292236 716.442321 -59.968750 0.000000 -132.552291 0.000000
-1846.546142 313.014434 -63.968795 0.000000 -16.583662 0.000000
-984.053649 586.664489 -39.968750 0.000000 -51.662647 0.000000
