-2031.992065 -1764.926635 -288.912506 0.000000 -71.478935 0.000000
-2011.229003 -2029.968750 -295.551177 0.000000 13.423105 0.000000
-1550.403198 -2387.736083 -241.791870 0.000000 -4.686906 0.000000
-1413.973999 -2136.767822 -235.968750 0.000000 -154.844299 0.000000
-1432.906005 -1594.454833 -248.891723 0.000000 -143.845748 0.000000
-1708.114501 -1238.506347 -255.360931 0.000000 41.812644 0.000000
-1694.050903 -773.800231 -167.969055 0.000000 6.869060 0.000000
-1473.713012 -782.827148 -167.969055 0.000000 -68.420661 0.000000
-1438.960937 -1174.968750 -167.968750 0.000000 80.222038 0.000000
-1304.212890 -1159.787475 -167.968750 0.000000 5.731998 0.000000
-1129.680297 -1164.697631 -167.968750 0.000000 128.214080 0.000000
-1131.015258 -475.356445 -167.968750 0.000000 -119.903381 0.000000
-1262.685791 -1526.968750 -150.029006 0.000000 70.453910 0.000000
-1104.948608 -1526.968750 -157.379470 0.000000 18.247940 0.000000
-873.961791 -1304.723266 -167.976242 0.000000 -30.856069 0.000000
-807.968750 -1227.778076 -167.976242 0.000000 61.596878 0.000000
-520.031250 -1235.443603 -167.976242 0.000000 107.247688 0.000000
-520.000244 -999.103576 -167.976242 0.000000 176.433334 0.000000
-800.378662 -872.651977 -167.968750 0.000000 -64.846199 0.000000
-1071.968750 -754.913269 -263.968750 0.000000 49.795967 0.000000
-946.896057 -389.998718 -263.968750 0.000000 -117.738067 0.000000
-936.031250 -247.496932 -363.968750 0.000000 91.571487 0.000000
-893.274414 475.968750 -367.968750 0.000000 -8.119228 0.000000
-606.928649 479.968750 -223.968750 0.000000 -2.449522 0.000000
-463.999664 887.968750 -71.968750 0.000000 -23.926290 0.000000
-1056.170532 407.205780 -79.968750 0.000000 117.583038 0.000000
-1462.263427 667.673828 -47.968750 0.000000 106.899864 0.000000
-1527.066528 680.031250 -47.968750 0.000000 153.190902 0.000000
-1952.003173 838.968750 -23.968750 0.000000 -129.919143 0.000000
-2112.754150 830.015747 -121.657577 0.000000 -116.532493 0.000000
-2316.998535 806.755676 -121.054420 0.000000 -23.131122 0.000000
-2391.930419 597.089477 -127.968750 0.000000 -13.855269 0.000000
-2635.968750 108.196487 -159.596893 0.000000 39.901683 0.000000
-2504.191894 287.180175 -167.968750 0.000000 0.441691 0.000000
-2199.983154 92.969352 -159.968750 0.000000 -17.920177 0.000000
-2013.049804 166.762329 -159.968750 0.000000 147.259994 0.000000
-1549.079711 572.713623 -167.980407 0.000000 -123.912284 0.000000
-1268.384033 499.468078 -164.396530 0.000000 -136.583297 0.000000
-1564.267211 -213.655715 -160.488311 0.000000 124.542701 0.000000
-1872.031250 -305.982025 -167.968750 0.000000 -169.487426 0.000000
-2073.178710 -423.839172 -167.968750 0.000000 -34.293510 0.000000
-2261.174316 -695.999450 -167.968750 0.000000 86.467468 0.000000
-1716.172607 -513.682678 -167.968750 0.000000 -67.687576 0.000000
-771.988830 272.355010 -166.515151 0.000000 -127.322456 0.000000
-1103.968750 -56.031250 -167.968750 0.000000 -54.313816 0.000000
-1188.280883 -66.031250 -53.179836 0.000000 -63.254184 0.000000
-1195.184936 -367.978454 -55.968750 0.000000 62.591629 0.000000
45.186775 -934.968750 -163.250289 0.000000 148.614990 0.000000
-363.968750 -934.344665 -165.114685 0.000000 71.363174 0.000000
160.512268 -921.618530 -164.154724 0.000000 89.101593 0.000000
411.687164 -755.427795 -166.609252 0.000000 90.237281 0.000000
397.068664 -615.122558 -167.879577 0.000000 116.447799 0.000000
498.518188 -195.850509 -160.146255 0.000000 -142.049621 0.000000
165.384582 122.716140 -165.968750 0.000000 -67.747566 0.000000
204.313354 247.580261 -255.968750 0.000000 36.477966 0.000000
171.947662 654.889953 -243.348526 0.000000 -39.761920 0.000000
384.404449 677.789489 -257.968750 0.000000 -103.569862 0.000000
574.217773 864.360717 -135.968750 0.000000 -174.873199 0.000000
191.939712 871.968750 -135.968750 0.000000 -146.235519 0.000000
77.924850 871.968750 -135.968750 0.000000 -167.670761 0.000000
948.199951 679.998535 -240.681427 0.000000 -82.087966 0.000000
1346.978393 494.939941 -258.808807 0.000000 -114.423141 0.000000
1309.450317 -8.156752 -167.968750 0.000000 -83.449234 0.000000
1199.524169 -1233.630493 -151.968750 0.000000 92.117591 0.000000
815.399353 -1697.891967 -108.968750 0.000000 147.231094 0.000000
565.393432 -1135.524780 -127.968750 0.000000 -101.008087 0.000000
463.971801 -1435.939941 -175.968750 0.000000 168.074935 0.000000
182.999664 -1711.556396 -167.968750 0.000000 -171.665161 0.000000
-142.968750 -1418.151489 -72.132698 0.000000 -77.569915 0.000000
-281.961975 -1529.052490 -167.968750 0.000000 -175.286346 0.000000
-359.676971 -1547.146606 -167.968750 0.000000 -92.996475 0.000000
-512.877075 -1316.477172 -159.968750 0.000000 -74.701126 0.000000
104.060714 -1941.015380 -167.968750 0.000000 -148.657318 0.000000
90.523918 -2056.519531 -167.968750 0.000000 148.768600 0.000000
-241.267303 -2368.440673 -167.968750 0.000000 67.546348 0.000000
-389.367980 -2390.433837 -163.970825 0.000000 138.745559 0.000000
-788.474365 -2528.339843 -167.968750 0.000000 134.973709 0.000000
-947.471252 -2559.744628 -167.968750 0.000000 145.362899 0.000000
62.515342 -2353.418701 -39.968750 0.000000 3.084952 0.000000
306.453308 -1993.311035 -39.968750 0.000000 -35.662307 0.000000
680.164367 -2180.735839 -39.968750 0.000000 39.889675 0.000000
1033.884033 -2331.111083 -39.968750 0.000000 138.065917 0.000000
1037.913818 -1798.189941 -71.968750 0.000000 -129.407531 0.000000
912.363769 -1409.549072 -167.968750 0.000000 10.300365 0.000000
1356.198364 -1478.087402 -167.968750 0.000000 58.749767 0.000000
