3162.006835 -1069.968750 -303.968750 0.000000 54.173130 0.000000
3497.968750 -1071.999145 -303.968750 0.000000 150.170120 0.000000
3485.226562 -561.088378 -352.561950 0.000000 177.595916 0.000000
3493.554443 -283.934295 -352.047241 0.000000 -166.992980 0.000000
2678.021240 -648.064208 -343.968750 0.000000 45.694965 0.000000
2777.430175 -293.903869 -351.968872 0.000000 -168.411972 0.000000
1922.030151 -802.298583 -351.983001 0.000000 78.199981 0.000000
1619.968750 -375.134246 -415.423553 0.000000 -127.752838 0.000000
1047.106811 -634.014282 -415.969085 0.000000 -75.943145 0.000000
1344.810546 -729.872619 -415.969085 0.000000 100.012855 0.000000
1359.936889 -320.195434 -415.969085 0.000000 -130.327087 0.000000
1202.387573 120.913818 -415.969085 0.000000 -164.779083 0.000000
949.069274 -174.163406 -415.969085 0.000000 119.452812 0.000000
576.082336 879.197082 -479.968750 0.000000 -158.674148 0.000000
111.349822 104.558097 -415.968750 0.000000 -50.764152 0.000000
135.486526 -623.612304 -415.968750 0.000000 87.937866 0.000000
223.415664 -719.122741 -415.968750 0.000000 -120.757102 0.000000
-436.878875 -1096.114868 -415.968750 0.000000 64.243873 0.000000
224.246917 -1050.489379 -287.968750 0.000000 138.628814 0.000000
227.260940 -707.305847 -287.968750 0.000000 -136.627258 0.000000
-240.224761 -1225.924194 -415.968750 0.000000 -12.415362 0.000000
375.734436 -1450.616943 -415.968750 0.000000 80.116828 0.000000
910.921447 -1451.592407 -415.968750 0.000000 -81.781219 0.000000
653.015197 -583.242431 -415.968750 0.000000 168.127792 0.000000
601.219604 -330.174560 -415.968750 0.000000 -90.394248 0.000000
187.926223 -1129.350097 -415.968750 0.000000 91.966667 0.000000
1251.834472 -324.576477 -127.968750 0.000000 -127.447517 0.000000
301.854248 -306.266021 -127.976577 0.000000 283.284912 0.000000
986.646240 -878.463745 -120.968750 0.000000 177.706481 0.000000
1060.018554 -531.979064 -239.968750 0.000000 271.386718 0.000000
1049.481323 -825.032348 -407.968750 0.000000 -7.525321 0.000000
2333.791259 -1710.997436 -407.968750 0.000000 96.196640 0.000000
2179.003417 -1685.129028 -407.968750 0.000000 89.563652 0.000000
2075.249023 -1759.894775 -415.971649 0.000000 -179.686279 0.000000
2093.104980 -2020.274291 -415.971649 0.000000 -159.820281 0.000000
2089.255615 -2272.980712 -415.971649 0.000000 -156.355285 0.000000
1931.391235 -2292.198974 -415.971649 0.000000 179.521575 0.000000
1707.319335 -2293.656738 -415.971649 0.000000 -172.987396 0.000000
1466.639526 -2174.955566 -415.968841 0.000000 -142.693206 0.000000
1473.438964 -2203.511230 -639.968750 0.000000 77.746788 0.000000
1638.562988 -1971.369506 -639.968750 0.000000 162.292770 0.000000
1258.778686 -982.318237 -767.968750 0.000000 12.439635 0.000000
1306.081176 -595.709777 -639.968750 0.000000 113.584587 0.000000
923.067932 -1349.092651 -767.968750 0.000000 166.120513 0.000000
836.316650 -298.832366 -767.968750 0.000000 -90.886528 0.000000
416.013244 -310.030975 -767.968750 0.000000 -84.352592 0.000000
386.054504 -426.727539 -639.968750 0.000000 -44.425613 0.000000
626.394226 28.022441 -639.968750 0.000000 9.265364 0.000000
-1193.272949 -1222.357666 -367.123748 0.000000 41.470478 0.000000
-1803.282958 -1350.545776 -407.968750 0.000000 55.132507 0.000000
-1747.366088 -993.142517 -414.725250 0.000000 105.622558 0.000000
-2386.117675 -1227.288452 -407.971832 0.000000 -114.985282 0.000000
-2766.214111 -637.916442 -416.968750 0.000000 167.200653 0.000000
-2971.515869 -1238.812133 -407.808319 0.000000 29.422677 0.000000
185.888336 -351.715850 -171.968750 0.000000 -125.743400 0.000000
200.081588 -981.606445 -95.968750 0.000000 -98.056442 0.000000
72.921669 -1668.558471 -19.968734 0.000000 -10.012408 0.000000
-35.819187 -1288.258422 -255.968750 0.000000 120.865570 0.000000
-336.016052 -1244.714233 -415.968841 0.000000 -76.015441 0.000000
-88.666854 -1445.374389 -415.969146 0.000000 -93.010459 0.000000
146.244415 -1986.982910 -415.973358 0.000000 -107.596397 0.000000
385.416229 -1616.899780 -415.979309 0.000000 -48.295276 0.000000
778.097167 -1668.303344 -239.968750 0.000000 -49.354309 0.000000
