-2705.434326 -1214.291748 -415.968750 0.000000 24.087524 0.000000
-1871.968750 -1359.968750 -415.968750 0.000000 47.562232 0.000000
-1064.031250 -1216.741699 -379.491851 0.000000 178.659667 0.000000
-944.031250 -928.031250 -415.970855 0.000000 -120.932586 0.000000
-496.031250 -1296.169677 -343.474365 0.000000 -120.823562 0.000000
-124.052619 -1408.031250 -415.968750 0.000000 -133.945312 0.000000
63.919078 -1932.956909 -415.968750 0.000000 -64.361335 0.000000
394.001892 -1552.020874 -415.968750 0.000000 -92.800445 0.000000
1487.968750 -2128.031250 -415.968750 0.000000 -145.437011 0.000000
1542.031250 -2329.968750 -415.968750 0.000000 39.627685 0.000000
2103.968750 -1638.031250 -415.968750 0.000000 -145.691299 0.000000
2439.840576 -1721.770996 -415.968750 0.000000 141.665313 0.000000
943.968750 -1359.968750 -767.968750 0.000000 131.021697 0.000000
865.424316 -272.000427 -767.968750 0.000000 -90.920333 0.000000
1335.968750 -368.031250 -639.968750 0.000000 -135.933837 0.000000
336.031250 -272.031250 -639.968750 0.000000 -31.457290 0.000000
943.968750 -1319.968750 -639.968750 0.000000 135.473114 0.000000
563.993713 943.140441 -479.968750 0.000000 -79.804687 0.000000
975.968750 -227.968750 -415.968750 0.000000 96.754570 0.000000
1359.987060 -310.031250 -415.968750 0.000000 -144.974563 0.000000
1040.031250 -634.008239 -415.968750 0.000000 -37.361049 0.000000
237.010894 -530.290222 -415.968750 0.000000 134.961837 0.000000
176.031250 -1135.968750 -383.968750 0.000000 60.416057 0.000000
-188.052078 -1276.387695 -415.968750 0.000000 -0.336919 0.000000
880.947509 -336.031250 -415.968750 0.000000 -113.421707 0.000000
398.998321 -1455.968750 -415.968750 0.000000 91.849281 0.000000
221.028213 -1122.928222 -287.968750 0.000000 146.681823 0.000000
239.968750 -280.031250 -171.968750 0.000000 -132.929397 0.000000
239.968750 -1379.979003 -271.968750 0.000000 138.673736 0.000000
310.680389 -289.578216 -127.968750 0.000000 -43.875099 0.000000
960.503784 -1503.452270 -127.968750 0.000000 131.432998 0.000000
1040.031250 -512.031250 -103.968750 0.000000 -45.111370 0.000000
1040.003051 -512.021789 -189.765945 0.000000 -44.627784 0.000000
1040.017089 -1035.626708 -415.968750 0.000000 2.975715 0.000000
