-1670.940917 654.104614 480.031250 0.000000 151.122863 0.000000
-2162.031250 33.068061 405.377563 0.000000 -164.121643 0.000000
-3228.000244 -358.968750 536.031250 0.000000 152.976104 0.000000
-3402.031250 -1040.025390 510.073516 0.000000 -148.620666 0.000000
-441.828460 -317.021759 26.044109 0.000000 120.994895 0.000000
-1303.033081 -117.065338 15.466524 0.000000 123.215713 0.000000
-1765.281860 345.961639 256.031250 0.000000 6.874679 0.000000
-2337.572265 1505.288085 356.031250 0.000000 155.469528 0.000000
-2126.712402 989.809265 480.031250 0.000000 -164.162567 0.000000
-498.641876 -1525.817260 144.031250 0.000000 81.931449 0.000000
-983.956237 -1415.402221 144.031250 0.000000 -37.758937 0.000000
-652.784362 -2005.980957 149.110809 0.000000 87.812736 0.000000
-1024.349365 -3017.361572 234.566894 0.000000 73.259521 0.000000
-748.063659 -2087.309326 240.031250 0.000000 -116.048347 0.000000
-1670.140014 -2178.385009 336.031250 0.000000 29.659641 0.000000
-1957.311279 -1529.153564 96.031250 0.000000 -54.034908 0.000000
-2869.617919 -1045.060913 448.451324 0.000000 -38.318038 0.000000
-2219.157958 1113.613891 356.031250 0.000000 4.366930 0.000000
-2067.174804 -1215.662963 432.031250 0.000000 -152.567779 0.000000
-1807.494750 -1349.611572 240.031250 0.000000 154.447433 0.000000
-2008.085815 -820.497314 128.031250 0.000000 -122.950698 0.000000
-1638.045898 -1079.905883 96.031250 0.000000 45.484020 0.000000
-1251.968750 3.549708 98.031250 0.000000 39.900188 0.000000
-784.031250 495.968750 96.031250 0.000000 -121.727218 0.000000
-1738.765625 78.920875 117.601066 0.000000 28.970577 0.000000
-2213.968750 191.019287 128.031250 0.000000 34.376159 0.000000
-2495.244873 1087.646972 352.031250 0.000000 39.485702 0.000000
-2693.648193 1666.900878 362.031250 0.000000 -38.803367 0.000000
-2322.809814 1267.450439 480.031250 0.000000 -156.272460 0.000000
-2123.046875 418.361022 480.031250 0.000000 132.803924 0.000000
-2857.488281 -40.495090 447.349365 0.000000 41.625011 0.000000
-3092.283935 731.249389 480.031250 0.000000 12.578291 0.000000
-3959.968750 -267.019287 539.552978 0.000000 16.914621 0.000000
-1999.294921 -953.378540 394.271453 0.000000 -166.655136 0.000000
-2563.074707 -473.851501 432.031250 0.000000 -24.629438 0.000000
-3241.393310 -661.867309 488.031250 0.000000 -138.915100 0.000000
-3939.187988 -1300.926269 513.412597 0.000000 71.480094 0.000000
-3556.512939 -2517.221679 476.404388 0.000000 56.332931 0.000000
-2850.881103 -2970.808593 480.113098 0.000000 79.548118 0.000000
-2347.681640 -1630.362670 484.837615 0.000000 -98.738616 0.000000
-1855.335449 -2592.364746 420.843414 0.000000 134.250350 0.000000
-1703.955810 -3208.000000 312.031250 0.000000 -0.119873 0.000000
-2449.712646 -2312.623535 489.031250 0.000000 -124.072799 0.000000
-432.031250 -2681.572753 152.022705 0.000000 160.132720 0.000000
15.968750 -1876.031250 176.031250 0.000000 -134.407958 0.000000
-306.973388 -733.756958 54.381996 0.000000 -127.635848 0.000000
-97.789962 -1551.969482 60.489917 0.000000 142.491729 0.000000
-148.348449 225.518325 37.794471 0.000000 -137.178771 0.000000
-1494.885498 575.214355 26.452226 0.000000 -66.834899 0.000000
-897.185791 -607.427368 96.031250 0.000000 116.306823 0.000000
-1808.031250 -735.968750 128.031250 0.000000 121.260406 0.000000
-2069.968750 501.519287 256.031250 0.000000 33.274520 0.000000
-1744.009643 1311.968750 355.446899 0.000000 -99.283172 0.000000
-3171.968750 -1040.001708 527.555480 0.000000 -36.858249 0.000000
-1547.597290 -383.622894 29.015329 0.000000 -59.315921 0.000000
