606.913818 1806.818725 348.031250 0.000000 -177.115859 0.000000
334.434509 1240.036376 348.031250 0.000000 89.419258 0.000000
127.077819 1835.264160 348.031250 0.000000 -64.883056 0.000000
-209.577651 1666.096801 352.031250 0.000000 -77.213928 0.000000
-440.444732 1289.007446 352.031250 0.000000 -60.661117 0.000000
-479.968750 813.737548 352.031250 0.000000 59.095752 0.000000
-156.251052 635.585815 352.031250 0.000000 85.304374 0.000000
-726.135253 1158.021362 348.031250 0.000000 -57.753509 0.000000
-1366.174804 1115.323486 256.031250 0.000000 -90.608055 0.000000
-1204.007690 586.473144 320.031250 0.000000 -156.795989 0.000000
-1563.906005 680.060180 256.031250 0.000000 122.367309 0.000000
-1975.968750 136.837051 160.031250 0.000000 -50.749710 0.000000
-1954.913208 -694.207702 160.031250 0.000000 0.664401 0.000000
-1806.722900 -866.519348 288.031250 0.000000 48.483558 0.000000
-1389.293945 -741.201416 160.031250 0.000000 95.722145 0.000000
-1182.447631 -1351.107055 160.031250 0.000000 91.997451 0.000000
-832.033569 -568.028198 160.031250 0.000000 -178.467086 0.000000
-37.171665 -352.678955 160.031250 0.000000 -177.398498 0.000000
-460.654846 -353.553649 160.031250 0.000000 46.166446 0.000000
-128.204421 371.103973 160.031250 0.000000 -97.876358 0.000000
-556.262451 -229.304870 288.031250 0.000000 107.212829 0.000000
-808.392211 -20.080972 160.031250 0.000000 -54.529773 0.000000
-576.896972 87.157295 192.031250 0.000000 -123.727210 0.000000
-50.750808 -84.700271 225.382507 0.000000 177.878265 0.000000
261.887207 380.349212 160.031250 0.000000 -92.525878 0.000000
219.496353 -75.260749 32.031250 0.000000 -86.632156 0.000000
895.885131 -830.304626 32.031250 0.000000 92.397300 0.000000
1354.547973 -828.072753 32.031250 0.000000 179.067062 0.000000
1108.878662 -967.756774 160.031250 0.000000 -116.059539 0.000000
927.788879 -1802.584960 160.031250 0.000000 178.356201 0.000000
1157.192138 -1786.751220 288.031250 0.000000 147.447616 0.000000
471.446624 -1041.266235 160.031250 0.000000 -179.823287 0.000000
-47.285789 -863.352722 160.031250 0.000000 6.813781 0.000000
560.234741 -1812.475708 224.031250 0.000000 50.434463 0.000000
-600.593566 804.325195 288.031250 0.000000 -88.467407 0.000000
-726.769042 471.281463 288.031250 0.000000 3.450772 0.000000
790.714904 747.968750 224.031250 0.000000 -82.072036 0.000000
1125.063476 310.436889 224.031250 0.000000 149.476547 0.000000
548.237182 302.833251 224.031250 0.000000 15.451828 0.000000
