-1854.491943 1785.854736 -205.463394 0.000000 -57.798122 0.000000
-784.405700 1674.050415 -211.632202 0.000000 -49.641914 0.000000
-372.686065 1285.598510 -177.332855 0.000000 90.889701 0.000000
-79.968750 1727.968750 -103.968750 0.000000 -43.190307 0.000000
127.172248 1240.080932 -215.968750 0.000000 80.638229 0.000000
735.968750 1442.151611 -215.972305 0.000000 129.497863 0.000000
826.890502 1795.968750 -215.968750 0.000000 -89.254455 0.000000
1499.073364 1424.031250 -215.972061 0.000000 152.295227 0.000000
942.031250 1768.000122 -247.968750 0.000000 -45.846466 0.000000
1503.973144 659.188659 -215.968750 0.000000 179.674682 0.000000
1955.968750 576.968750 -215.968750 0.000000 -135.449508 0.000000
2074.968750 -835.968750 -119.619323 0.000000 103.430786 0.000000
2009.109497 -1042.857910 -323.968750 0.000000 136.691467 0.000000
1452.020141 -960.031250 -323.968750 0.000000 -30.557025 0.000000
2003.968750 -1455.968750 -283.968750 0.000000 132.269927 0.000000
1079.968750 -576.031250 -221.968750 0.000000 -134.871414 0.000000
-1043.968750 -1775.968750 -151.968750 0.000000 41.602478 0.000000
400.031250 -668.422363 -221.968750 0.000000 39.852050 0.000000
-747.968750 -320.000762 -217.968750 0.000000 -4.675166 0.000000
-443.373504 607.968750 -215.968750 0.000000 -44.566040 0.000000
-48.031250 776.968750 -217.413452 0.000000 -135.001892 0.000000
-879.998718 716.833435 -220.978317 0.000000 0.882867 0.000000
-864.013305 1149.460693 -215.968750 0.000000 179.832229 0.000000
-572.031250 943.968750 40.031250 0.000000 -133.409255 0.000000
-885.968750 479.968750 16.031250 0.000000 -41.224128 0.000000
-1047.968750 -504.031250 -95.968750 0.000000 -48.155601 0.000000
248.408737 751.968750 40.031250 0.000000 -60.763076 0.000000
959.968750 687.968750 -215.968750 0.000000 -129.539627 0.000000
920.195434 -383.999847 -189.968750 0.000000 91.765785 0.000000
1969.387817 -1770.968750 -323.968750 0.000000 137.198745 0.000000
-580.031250 -583.968750 16.031250 0.000000 133.415771 0.000000
-336.031250 -371.968750 -217.968750 0.000000 149.730331 0.000000
791.821228 -535.991516 32.031250 0.000000 108.793334 0.000000
