-560.545471 -401.744018 64.031250 0.000000 56.942138 0.000000
-659.238647 -76.218795 64.031250 0.000000 359.219970 0.000000
-525.464355 310.716247 64.031250 0.000000 298.498535 0.000000
-214.180404 -52.278350 64.031250 0.000000 1.499633 0.000000
273.573913 321.197814 128.031250 0.000000 233.552856 0.000000
289.942901 -469.201446 128.031250 0.000000 115.988159 0.000000
486.170043 -489.788452 128.031250 0.000000 72.691040 0.000000
455.289611 364.593170 128.031250 0.000000 282.041015 0.000000
955.428649 158.933624 128.031250 0.000000 188.274536 0.000000
968.979797 -269.149993 128.031250 0.000000 177.758789 0.000000
852.044433 -521.833618 320.031250 0.000000 136.043701 0.000000
863.713317 402.169799 320.031250 0.000000 213.316040 0.000000
-767.346130 416.864837 320.031250 0.000000 319.707641 0.000000
-752.957214 -520.580627 320.031250 0.000000 30.366210 0.000000
-197.937652 -56.414932 320.031250 0.000000 359.132080 0.000000
463.092407 491.028320 320.031250 0.000000 267.687713 0.000000
879.999206 -61.485248 320.031250 0.000000 179.252929 0.000000
465.534912 -610.790954 320.031250 0.000000 90.021972 0.000000
