1229.434448 -585.360473 64.031250 0.000000 133.005981 0.000000
1137.664184 -76.392074 64.031250 0.000000 353.012695 0.000000
1252.264160 612.263000 64.031250 0.000000 243.369140 0.000000
1174.632568 102.568550 200.031250 0.000000 176.660156 0.000000
1043.991333 -47.677215 64.031250 0.000000 245.132446 0.000000
785.882751 -623.685607 64.031250 0.000000 146.923828 0.000000
260.773864 -51.494930 64.031250 0.000000 266.874389 0.000000
-248.654510 -360.403991 64.031250 0.000000 2.515869 0.000000
-82.650337 -615.132812 64.031250 0.000000 154.891967 0.000000
-732.116333 -566.954406 64.031250 0.000000 47.054443 0.000000
-372.652465 -495.112487 200.031250 0.000000 20.861816 0.000000
-346.869049 -258.847778 200.031250 0.000000 2.966308 0.000000
-330.254669 574.195556 200.031250 0.000000 327.243041 0.000000
-570.832824 597.655151 64.031250 0.000000 282.259521 0.000000
-343.120788 591.324584 64.031250 0.000000 322.741088 0.000000
325.911102 617.827697 64.031250 0.000000 212.931518 0.000000
260.908813 33.721420 64.031250 0.000000 35.084838 0.000000
876.959655 59.738777 64.031250 0.000000 165.894775 0.000000
868.147338 178.200942 64.031250 0.000000 136.197509 0.000000
310.461944 -48.802288 200.031250 0.000000 165.345458 0.000000
262.781066 598.610717 200.031250 0.000000 322.844238 0.000000
161.922576 -35.531810 64.031250 0.000000 233.355102 0.000000
-86.038986 -228.715621 64.031250 0.000000 265.825195 0.000000
-207.645217 -125.158424 64.031250 0.000000 185.745849 0.000000
-694.188049 -45.276817 64.031250 0.000000 286.390380 0.000000
-624.817871 -280.027008 200.031250 0.000000 358.137817 0.000000
129.924499 51.894729 64.031250 0.000000 122.807006 0.000000
941.977783 624.864196 64.031250 0.000000 308.770751 0.000000
941.867004 319.833618 64.031250 0.000000 357.868652 0.000000
959.027404 198.912673 64.031250 0.000000 293.792114 0.000000
