ivy_to_a ladder_to_a
8 0.6
-799.923523 764.033020 -152.128754 -0.395995 -96.058731 0.000000
-494.921600 377.192688 -216.128754 0.242000 146.337631 0.000000 False
-252.413940 217.506058 -38.12875 13.375969 144.401321 0.000000 False
82.860367 276.386993 -38.12875 9.833968 160.606430 0.000000 False
153.679504 371.550995 -216.128754 -1.320025 168.372910 -0.000000 False
883.995117 228.855545 -212.128754 -0.132760 168.244156 0.000000 False
820.984314 543.652405 -212.128754 -0.638734 -178.652206 0.000000 False
388.033691 628.562988 -216.128754 -0.792763 -174.987366 0.000000 False
-123.780762 597.380371 -216.128754 -0.528766 -170.953171 0.000000 False
-172.141724 689.967407 -172.12875400000001 2.771238 -156.001251 0.000000 False
-284.108765 56.425835 -216.128754 -0.088769 122.065254 0.000000 False
-446.978668 689.968811 -172.12875400000001 6.885214 -120.146896 0.000000 False
-454.654053 -352.149048 -215.128754 -0.572788 92.158836 0.000000 False
852.076355 110.031799 -212.128769 -0.594846 -179.411575 0.000000 False
679.408386 -45.148926 -216.128754 0.285154 170.997086 0.000000 False
-145.701416 -93.392944 -216.128754 -0.264790 131.393509 0.000000 False
-120.711975 17.675282 -216.128754 0.197158 153.044113 0.000000 False
467.170746 -42.869473 -142.12875400000001 4.311153 169.456787 0.000000 False
297.097626 -400.067902 -217.918945 0.131212 144.934875 0.000000 False
582.480957 -282.321960 -208.560776 0.483135 167.683289 0.000000 False
620.992371 -205.853088 -216.128754 0.373128 179.078827 0.000000 False
396.986237 -572.192932 -216.039291 -0.198844 127.145378 0.000000 False
303.338196 -711.579956 -138.570236 5.455121 104.353149 0.000000 False
550.031250 -394.968689 -161.609161 20.746021 94.089684 0.000000 False
-834.347900 645.238770 -207.128754
-786.816711 524.593506 -207.128754
-531.812378 468.774170 -207.128754
-428.748718 409.407898 -207.128754
-364.657349 -85.334290 -207.128754
-203.557373 -195.876160 -207.128754
73.312851 -231.036743 -207.128754
591.981628 -238.315308 -207.128754