a_main_to_a_site ladder_to_a
6 0.6
634.021729 1639.587280 -152.128754 0.308034 -25.734137 0.000000
1170.230225 544.047607 -212.128754 0.154028 100.786972 0.000000 False
1025.744141 455.669861 -212.128754 0.022028 90.754974 0.000000 False
1176.968750 1249.968872 -216.128815 1.056034 162.387817 0.000000 False
811.726746 -37.783752 -212.128754 0.593957 68.732033 0.000000 False
1265.227295 483.677216 -212.128754 0.132021 118.092789 0.000000 False
1234.968750 640.031555 -212.128754 0.285957 138.134796 0.000000 False
1474.238403 297.973480 -212.128754 0.506023 132.216385 0.000000 False
1234.967651 727.893127 -212.128754 0.858019 175.160339 0.000000 False
658.641418 0.619767 -216.128754 -0.307988 53.470242 0.000000 False
1613.966797 587.967224 -212.128738 0.484013 178.957443 0.000000 False
393.617554 -198.685059 -176.71868899999998 2.112020 45.243027 -0.000000 False
640.189270 622.643494 -216.128754 -0.593975 -24.356567 0.000000 False
854.967163 593.968750 -212.128754 -0.945984 -77.011505 0.000000 False
1092.243408 -235.860840 -212.128754 0.110013 112.870514 0.000000 False
1210.471680 -236.930969 -212.128754 -0.572041 132.562637 0.000000 False
294.663605 -74.264587 -142.12875400000001 4.202036 30.730724 0.000000 False
103.308479 -67.892395 -216.128754 -0.945982 22.488110 0.000000 False
-448.191650 -249.443481 -216.128754 -0.153978 20.617834 0.000000 False
-233.373169 -54.561462 -216.128754 -0.087978 14.853843 0.000000 False
-235.760742 35.312992 -216.128754 -0.615978 9.705833 0.000000 False
-450.367432 119.689476 -216.128754 -0.593978 5.129843 0.000000 False
-320.323364 164.927383 -38.128727 7.700017 3.589828 0.000000 False
72.672592 347.817657 -38.789524 12.606039 -9.148296 0.000000 False
-1.844116 404.800812 -216.128754 -0.527956 -13.592201 0.000000 False
-813.833923 599.679382 -216.128754 -0.263971 -13.482258 0.000000 False
-333.391663 616.754761 -216.128754 -0.527974 -19.752289 0.000000 False
280.206573 423.352844 -216.128754 -0.747978 -20.742416 0.000000 False
334.193909 428.037598 -34.12875 17.820009 -24.306448 0.000000 False
597.717163 -205.860107 -216.128754 -0.109987 67.183167 0.000000 False
697.968811 -378.492065 -208.128754 0.792013 88.325546 0.000000 False
708.966125 385.968750 -216.128754 -0.109986 -85.136429 -0.000000 False
694.966492 446.667236 -34.12875 36.740131 -85.166718 0.000000 False
301.962982 -282.481079 -216.128754 -0.065855 15.401340 0.000000 False
930.520081 1599.816650 -207.128754
1053.649048 1601.462280 -207.128754
1068.693359 482.798492 -203.128754
900.025208 329.945312 -203.128754
883.065918 200.626892 -203.128754
676.671204 144.580399 -207.128754
672.928223 -229.367798 -207.128754
574.897034 -354.808228 -199.128754