a_main_to_a_site ivy_to_a
6 0.6
-604.705017 -156.010742 79.871246 6.666003 -90.490669 0.000000
-1042.623779 -1675.035522 -154.12875400000001 -3.014456 82.656349 0.000000 False
-920.083496 -1671.031250 -154.12875400000001 -3.168456 90.048477 0.000000 False
-905.061218 -832.030212 -154.12875400000001 -11.968463 93.348389 0.000000 False
-1266.872314 -498.772095 -89.128754 -3.168426 -1.371474 0.000000 False
-792.942139 -922.964355 -200.31781 -8.976435 135.344620 0.000000 False
-1323.972412 -392.541138 -133.128769 -10.560395 -46.669415 0.000000 False
-443.965820 -323.753784 -215.128784 -5.654380 -176.315582 0.000000 False
-629.939270 -400.110596 -213.628784 -6.556372 177.525208 0.000000 False
-346.882935 -193.622986 -216.128754 -0.462367 -128.868042 0.000000 False
-172.118454 69.289505 -216.128754 0.087631 -125.114006 0.000000 False
-12.211589 317.024719 -38.12878 12.693586 -124.638725 0.000000 False
-356.858704 277.344391 -216.128754 0.483558 -97.168694 0.000000 False
-305.345276 194.304718 -38.12875 17.775425 -105.910759 0.000000 False
-508.458801 444.551697 -216.128754 0.241568 -85.442902 0.000000 False
-136.139648 -12.567688 -216.128754 0.901537 -141.961792 0.000000 False
900.114685 280.175049 -212.128754 -0.110384 -161.387695 0.000000 False
463.436981 -22.604126 -141.96875 3.035631 -168.846924 0.000000 True
452.028259 -175.716797 -142.12875400000001 5.345616 -178.395035 0.000000 False
659.033325 -180.572571 -216.128754 0.087619 -178.681076 0.000000 False
361.964050 -320.499756 -216.97847 0.065602 170.649109 0.000000 False
-580.031250 571.967834 -216.128754 -0.066451 -69.303520 0.000000 False
361.967957 -426.852722 -216.589035 0.439602 146.734604 0.000000 False
155.344193 391.554199 -216.128754 0.813584 -100.779037 0.000000 False
432.324615 -610.923889 -216.128754 -0.506425 128.004898 0.000000 False
320.131836 -719.966919 -137.70263699999998 6.907570 107.404877 0.000000 False
162.486023 -572.900208 -216.128754 0.681576 77.009193 0.000000 False
659.033447 -104.491905 -216.128754 -0.440419 -119.385506 0.000000 False
550.029968 -394.026855 -208.128784 1.517579 95.326332 0.000000 False
-595.146057 -355.884277 26.709655999999995
-595.702209 -413.556152 26.794792
-599.692505 -494.022827 -26.765671
-597.572510 -552.911499 -26.963295
-660.500671 -552.889954 -27.327007
-738.819763 -547.968445 -80.128754
-1281.559814 -552.514832 -80.128754
-1281.442261 -460.785034 -80.17532299999999
-1283.193115 -391.164917 -124.128754
-1278.609619 -341.909668 -124.128754
-1185.735596 -340.476074 -124.130951
-1073.405640 -338.103394 -204.628769
-423.779053 -340.960571 -206.128754
-418.625977 -191.646362 -207.128754
610.810120 -212.069092 -207.128754