none
8 1
1739.839600 -847.321960 -240.128632 8.646009 -117.562599 0.000000
1703.000854 -1699.071289 -321.293915 0.022046 99.322067 0.000000 False
1781.112427 -1699.209717 -321.293915 0.528046 108.408241 0.000000 False
1765.968628 -1296.027710 -320.836761 1.892043 176.225555 0.000000 False
1320.505127 -810.041077 -321.128754 0.330047 -65.955894 0.000000 False
-10.032883 -1607.542725 -318.96875 0.484141 -3.640664 0.000000 False
-10.028015 -1485.491577 -351.128754 -0.461849 1.000051 0.000000 False
-313.264069 -1359.880005 -351.128754 -0.131846 -7.484200 0.000000 False
-137.031433 -1332.758057 -276.12875399999996 4.268156 -12.478191 0.000000 False
-128.882263 -1244.006348 -277.600616 3.168172 8.597808 0.000000 False
286.272278 -1027.651855 -330.536621 -0.197836 -41.482197 0.000000 False
-313.034607 -1278.898682 -351.128754 0.616171 52.809349 0.000000 False
-300.031250 -987.031311 -351.128754 -0.351830 -83.084900 0.000000 False
302.418610 -1006.584778 -320.770081 -10.999841 31.865253 0.000000 False
-732.028320 -1783.257080 -153.660599 6.754104 21.699287 0.000000 False
-148.031982 -1775.968750 -167.12875400000001 20.526094 88.095222 0.000000 False
1704.746826 -1041.698486 -318.672546
1577.183472 -1042.455078 -319.275116
1582.728760 -1438.618530 -319.122681
1690.806519 -1531.339355 -317.947327
1702.743164 -1715.555054 -312.293915
964.322083 -1702.705200 -310.12875399999996
944.889343 -1636.085693 -310.12875399999996
-292.702881 -1632.813965 -310.12875399999996
-294.288849 -1595.968262 -342.128754
-301.781250 -1437.823853 -342.128754
-472.917236 -1444.719727 -342.128754
-459.422363 -987.031311 -342.128754
-449.404175 -962.855469 -310.12875399999996
-447.869812 -814.586121 -310.12875399999996
261.563507 -836.622559 -310.140961
285.068451 -945.577026 -310.623383
285.188995 -1102.638428 -342.128723
944.967896 -1096.641846 -334.128754
947.172302 -1547.833984 -334.123474
944.967896 -1595.967407 -309.25943
944.889343 -1636.085693 -310.12875399999996