ramp_to_b t_side_entrance_of_lobby t_outside_to_secret j_hall_to_upper mini_to_a silo_to_mini
8 0.7
-32.381592 -923.926941 -401.968750 2.903875 -2.290397 0.000000
455.967987 -1089.620239 -391.96875 4.861946 167.509247 0.000000 False
447.968750 -936.031250 -391.96875 4.290012 -148.066299 0.000000 False
438.989929 -869.080566 -391.96875 3.739803 -132.340897 0.000000 False
664.922791 -552.737122 -415.96875 -0.131986 -127.746429 0.000000 False
858.277832 -281.512573 -127.96875 16.543966 -127.240448 0.000000 False
616.492065 -646.793274 -206.96875 20.812153 -130.283493 -0.000000 True
284.031250 -920.031250 -391.96875 3.453935 -91.915955 0.000000 False
918.184204 -705.286255 -415.717865 -1.980066 -161.912018 0.000000 False
461.690369 -336.031250 -415.46228 -1.869761 -98.788277 0.000000 False
991.967529 -584.195801 -127.96875 21.120197 -152.151886 0.000000 False
328.031219 -352.059570 -415.96875 -2.551758 -84.532272 0.000000 False
317.995972 -292.114136 -127.96875 23.562170 -84.452194 0.000000 False
321.739777 -723.409363 -414.635803 -4.092555 -71.978638 0.000000 False
318.053009 -714.343262 -127.96875 54.604038 -71.648727 0.000000 False
479.971710 -891.032410 -251.46875 57.551331 172.938370 0.000000 False
352.030579 -889.261047 -251.46875 77.219460 3.670258 0.000000 False
328.230591 -952.244507 -127.96875 61.951138 74.634216 0.000000 False
991.968750 -945.968750 -127.96875 24.793198 171.918457 0.000000 False
925.652832 -1471.283081 -415.96875 -1.518843 126.289284 0.000000 False
738.047241 -1595.215332 -415.96875 -0.880849 107.323929 -0.000000 False
496.063141 -1104.971924 -415.96875 -0.374850 90.603493 0.000000 True
547.763611 -1556.037598 -415.96875 -0.000850 86.232063 0.000000 False
352.031281 -1471.968628 -415.96875 -0.946853 51.634457 0.000000 False
847.750916 -628.351868 -399.968262 0.395127 177.179138 0.000000 False
882.031250 -1471.968750 -415.96875 -0.561958 96.349670 0.000000 False
354.453522 -1216.320312 -415.96875 0.054041 1.045358 0.000000 False
182.064163 -905.893372 -406.96875
193.609238 -1073.470703 -406.96875
258.471832 -1081.929199 -403.861115
306.750885 -1079.328491 -382.96875
394.765137 -1075.371094 -382.96875
394.697021 -778.349609 -382.96875
393.652466 -725.590393 -405.214722
380.651581 -484.028503 -406.96875
926.158813 -481.721436 -406.96875
900.619080 -1435.900269 -406.96875