ramp_to_b hut_to_a radio_to_ramp t_outside_to_secret mini_to_a silo_to_mini
8 0.8
632.624756 69.560097 -401.968750 -0.501703 -0.342242 0.000000
1210.969971 -78.537659 -415.96875 -0.000014 156.793747 0.000000 False 1
1202.140137 -323.192627 -415.96875 -0.413587 117.872566 0.000000 False 2
1228.474365 -598.028870 -415.96875 0.030800 108.992386 0.000000 False 3
1028.156982 -195.521912 -415.96875 -0.554414 93.407478 0.000000 False 4
1050.031738 -533.781067 -415.96875 0.153985 86.077148 0.000000 False 5
1579.301025 -726.406372 -415.96875 -0.123217 132.308395 0.000000 False 6
1179.902710 -471.968384 -127.96875 54.238785 104.803543 0.000000 True 7
1864.210693 -878.123352 -351.96875 3.612635 139.321838 0.000000 False 8
1432.025024 -459.613586 -415.96875 -0.193369 145.437683 0.000000 False 9
1916.522339 -767.386353 -351.96875 3.832616 148.143906 0.000000 False 10
1363.982788 -299.031494 -415.462219 -0.123213 173.087570 0.000000 False 11
1619.968750 -314.031067 -415.96875 0.488140 -146.895645 0.000000 False 12
1533.703491 -451.029785 -415.96875 -0.699642 178.486572 0.000000 False 13
1757.520264 -1651.129639 -415.96875 -0.303860 106.953438 0.000000 False 14
1040.279297 -816.031250 -407.96875 1.478407 50.271458 0.000000 True new15
1619.968628 -280.031250 -367.96875 7.858074 -140.825043 0.000000 False 15
1543.483276 -280.029480 -415.96875 -0.083861 -127.227776 0.000000 False 16
1424.031372 -280.049805 -367.96875 8.892128 -89.521301 0.000000 False 17
1259.968750 -316.031250 -127.96875 19.712067 -131.996048 0.000000 False 18
1083.520142 -316.034668 -127.96875 -1.865685 -22.865261 0.000000 False 19
305.056976 -292.028198 -127.96875 -0.281696 -6.651062 0.000000 False 20
1259.968506 -471.956543 -127.96875 -0.809335 83.988319 0.000000 False new
288.031250 -947.971863 -127.96875 -0.303632 34.974274 0.000000 False 21
352.033295 -1056.612549 -255.96875 -7.607666 43.405228 -0.000000 False 22
449.619263 -365.511475 -415.96875 -25.185692 -1.510019 0.000000 False 23
526.209229 -672.450134 -399.96875 -25.493620 25.276983 0.000000 False 24
328.031799 -1426.034546 -415.96875 -12.135113 55.145470 0.000000 False 25
547.530884 -1216.031372 -415.96875 -17.463491 59.611450 0.000000 False 26
663.661133 -609.491882 -410.142914 -35.569653 23.956905 0.000000 False 27
692.648010 -1585.801514 -415.96875 -13.415852 74.929810 0.000000 False 28
982.887878 -945.326172 -127.96875 -0.193917 90.639145 0.000000 False 29
801.564697 -796.802856 -399.968262 -26.593895 71.300430 0.000000 False 30
882.031311 -1471.968750 -415.96875 -13.547997 86.569504 -0.000000 False 31
238.601730 -1074.546509 -415.96875 -3.141541 51.053062 0.000000 True 32
455.968750 -1159.972534 -391.96875 0.862456 99.937187 0.000000 False 33
935.608398 68.535507 -415.96875
1125.768921 69.391647 -415.96875
1125.512817 -443.510376 -415.96875
1455.000732 -451.362671 -406.96875
1467.873047 -805.111755 -406.96875
1323.264526 -805.111755 -398.96875
1323.264526 -805.111755 -230.96875
1332.259521 -744.045898 -230.96875
1065.043335 -739.413513 -230.96875
1067.023071 -532.973450 -230.96875
1266.440063 -529.586670 -118.96875
1332.137451 -530.493591 -118.96875
1331.459839 -388.541138 -118.96875
1119.586670 -391.342773 -118.96875
1125.512817 -443.510376 -127.96875
1125.512817 -443.510376 -415.96875
1125.512817 -443.510376 -127.96875
1119.586670 -391.342773 -118.96875
962.689697 -379.831848 -127.96875
962.689697 -379.831848 -406.96875
398.601166 -487.400146 -406.96875
378.582916 -712.319336 -406.96875