hut_to_a j_hall_to_upper silo_to_mini t_outside_to_secret t_side_entrance_of_lobby
9 0.8
1015.408203 -1730.292603 -401.968750 2.167565 155.125168 0.000000
352.031311 -1054.048950 -255.96875 14.641812 -50.598961 0.000000 True
553.845703 -1104.154907 -415.96875 0.231696 -72.556694 0.000000 False
305.031738 -292.031250 -127.96875 12.309688 -72.761856 0.000000 False
464.579132 -849.383606 -391.96875 2.475695 -70.884766 0.000000 False
461.689178 -336.031250 -415.46228 -0.054301 -79.002518 0.000000 False
566.604431 -613.580750 -399.96875 1.111699 -81.642181 0.000000 False
648.656860 -624.633484 -206.96875 13.189822 -86.408005 0.000000 True
702.820374 -629.031982 -407.068451 3.377796 6.299852 0.000000 False
843.615540 -601.455139 -399.968262 1.023815 -99.446114 0.000000 False
1018.481628 -415.884155 -127.96875 14.619835 -105.716248 0.000000 False
957.017883 -1231.900757 -414.96875 0.495850 -135.386078 0.000000 False
-412.089478 -1035.525513 -415.96875 0.033820 -18.977243 0.000000 False
-203.031494 -1334.881226 -415.96875 0.011821 4.967829 0.000000 False
991.968445 -945.968750 -127.96875 42.075779 -149.496292 0.000000 False
288.028320 -947.968750 -127.96875 33.253609 -28.217993 0.000000 False
391.966003 -1471.968384 -415.96875 0.077821 77.625687 0.000000 False
882.038757 -1471.970947 -415.96875 -0.582181 94.455437 0.000000 False
810.891418 -468.479736 -415.96875 -0.538180 -84.792641 0.000000 False
320.034332 -692.833923 -415.96875 -0.428186 -49.756016 0.000000 False
336.027924 -878.745117 -279.96875 13.937616 -4.061756 0.000000 True
496.031250 -1104.968750 -415.96875 0.605827 -9.243863 0.000000 False
603.772583 -501.837402 -415.717865 -0.362181 -98.770416 0.000000 False
284.242157 -935.780640 -391.96875 1.793806 19.515772 0.000000 False
784.827148 -1643.204956 -406.96875
644.711670 -1532.489380 -406.843536
644.287720 -1306.383545 -406.96875
901.242798 -1306.383545 -406.96875
404.185425 -1306.383545 -406.96875
901.242798 -1306.383545 -406.96875
905.518982 -504.917603 -406.96875