t_side_entrance_of_lobby ramp_to_b j_hall_to_upper
8 0.65
-144.349609 -924.317261 -401.968750 0.703874 89.361572 0.000000
141.189987 -235.653503 -415.96875 0.197265 -129.792007 0.000000 False
251.968735 -463.968750 -415.96875 0.835258 179.981949 0.000000 False
251.968277 -504.860779 -373.96875 5.961282 170.741852 0.000000 False
251.968658 -635.968750 -415.96875 -0.066705 146.717560 0.000000 False
4.031250 -635.968689 -415.96875 -0.594700 91.475433 0.000000 False
281.693665 31.130829 -415.565033 0.351306 -118.792664 0.000000 False
497.254150 417.547852 -393.516266 1.495287 -119.298996 0.000000 False
536.618225 574.210022 -489.867126 -3.652716 -116.248581 0.000000 False
657.199158 872.554626 -479.96875 -2.574718 -114.950607 0.000000 False
536.346924 864.031311 -479.96875 -2.750721 -107.778625 0.000000 False
65.031616 110.380203 -415.96875 0.109275 -81.114426 0.000000 False
65.031250 -192.799927 -415.96875 0.131274 -54.692825 0.000000 False
562.823059 322.028351 -371.96875 4.135321 -134.721008 0.000000 False
637.906860 236.920029 -414.96875 0.339845 -151.066681 0.000000 False
971.478455 424.295074 -439.144653 -1.772152 -149.989044 0.000000 False
1177.798340 142.968506 -415.96875 -0.210152 -172.802750 0.000000 False
1028.031738 4.714843 -415.96875 -0.760152 177.803192 0.000000 False
967.968750 -132.031250 -415.96875 -0.122152 166.539551 0.000000 False
749.968750 -233.968750 -415.96875 -0.496110 149.994217 0.000000 False
322.245087 -60.520386 -287.96875 49.773933 92.179443 0.000000 False
304.031616 575.232056 -472.686249 -7.800031 -87.736221 0.000000 False
560.116028 -233.968567 -415.96875 -0.012110 108.458015 0.000000 False
318.031250 -218.971252 -274.919373 15.651973 74.329414 0.000000 False
603.031250 297.968719 -414.96875 0.559997 -95.884750 0.000000 False
1162.657715 -108.465271 -415.96875 3.200019 142.169601 0.000000 False
496.031494 900.379639 -479.96875 -2.498004 -91.858971 0.000000 False
1178.744507 -298.654907 -415.96875 3.155996 116.253159 0.000000 False
609.620789 911.391113 -479.96875 0.911997 -87.348923 0.000000 False
862.699890 -96.828857 -639.96875 -14.619969 123.776199 0.000000 False
515.258972 95.968323 -639.96875 -14.377952 88.149490 0.000000 False
409.172546 -86.660034 -639.96875 -14.400009 55.114193 0.000000 False
767.617676 95.968292 -639.96875 -16.522142 92.938667 0.000000 False
-143.311584 -777.210815 -406.96875
-139.228638 -414.614990 -406.96875
161.942123 -413.416687 -406.96875
164.830963 64.283897 -406.96875
369.623016 65.256485 -406.96875
367.776794 307.430450 -406.96875
371.202423 613.914490 -470.403625
372.559021 649.859436 -470.96875