hut_to_a
8 0.5
-434.113037 -688.412903 -401.968750 0.110030 -63.472786 0.000000
78.590393 -1232.825562 -415.96875 -0.462181 146.033569 0.000000 False
107.968750 -1135.968506 -415.96875 0.505838 159.274628 0.000000 False
159.137268 -1132.931030 -286.178467 11.791844 161.505493 0.000000 False
235.968750 -1065.693115 -287.96875 10.867836 170.480530 0.000000 False
183.834641 -964.402832 -415.96875 -0.088161 -177.911377 -0.000000 False
239.968750 -720.013489 -415.96875 0.439838 -153.125641 0.000000 False
207.630081 -688.031433 -287.96875 10.757918 -148.329132 0.000000 False
-21.882324 -432.946655 -415.642212 -0.396064 -112.609383 0.000000 False
-255.968445 -710.101562 -415.96875 -0.066067 -87.991302 0.000000 False
-205.890076 -357.031250 -415.96875 -0.528064 -87.243309 0.000000 False
-89.141174 -1359.467163 -383.59375 7.787981 95.202904 0.000000 False
-203.031250 -1359.968628 -415.96875 -0.044044 59.584839 0.000000 False
-255.968384 -1339.060059 -415.96875 -0.198001 49.807999 0.000000 False
297.883179 -1080.199707 -391.96875 3.981996 137.826065 0.000000 False
141.189987 -235.653503 -415.96875 0.197265 -129.792007 0.000000 False
251.968735 -463.968750 -415.96875 0.835258 179.981949 0.000000 False
251.968277 -504.860779 -373.96875 5.961282 170.741852 0.000000 False
251.968658 -635.968750 -415.96875 -0.066705 146.717560 0.000000 False
4.031250 -635.968689 -415.96875 -0.594700 91.475433 0.000000 False
281.693665 31.130829 -415.565033 0.351306 -118.792664 0.000000 False
497.254150 417.547852 -393.516266 1.495287 -119.298996 0.000000 False
536.618225 574.210022 -489.867126 -3.652716 -116.248581 0.000000 False
657.199158 872.554626 -479.96875 -2.574718 -114.950607 0.000000 False
536.346924 864.031311 -479.96875 -2.750721 -107.778625 0.000000 False
65.031616 110.380203 -415.96875 0.109275 -81.114426 0.000000 False
65.031250 -192.799927 -415.96875 0.131274 -54.692825 0.000000 False
562.823059 322.028351 -371.96875 4.135321 -134.721008 0.000000 False
637.906860 236.920029 -414.96875 0.339845 -151.066681 0.000000 False
971.478455 424.295074 -439.144653 -1.772152 -149.989044 0.000000 False
1177.798340 142.968506 -415.96875 -0.210152 -172.802750 0.000000 False
1028.031738 4.714843 -415.96875 -0.760152 177.803192 0.000000 False
967.968750 -132.031250 -415.96875 -0.122152 166.539551 0.000000 False
749.968750 -233.968750 -415.96875 -0.496110 149.994217 0.000000 False
322.245087 -60.520386 -287.96875 49.773933 92.179443 0.000000 False
304.031616 575.232056 -472.686249 -7.800031 -87.736221 0.000000 False
560.116028 -233.968567 -415.96875 -0.012110 108.458015 0.000000 False
318.031250 -218.971252 -274.919373 15.651973 74.329414 0.000000 False
603.031250 297.968719 -414.96875 0.559997 -95.884750 0.000000 False
1162.657715 -108.465271 -415.96875 3.200019 142.169601 0.000000 False
496.031494 900.379639 -479.96875 -2.498004 -91.858971 0.000000 False
1178.744507 -298.654907 -415.96875 3.155996 116.253159 0.000000 False
609.620789 911.391113 -479.96875 0.911997 -87.348923 0.000000 False
862.699890 -96.828857 -639.96875 -14.619969 123.776199 0.000000 False
515.258972 95.968323 -639.96875 -14.377952 88.149490 0.000000 False
847.987244 95.968559 -639.96875 -1.067932 173.984497 0.000000 False
409.172546 -86.660034 -639.96875 -14.400009 55.114193 0.000000 False
766.375305 95.753563 -639.96875 -15.939935 91.757050 0.000000 False
434.801788 95.968628 -639.96875 0.142066 -0.805605 0.000000 False
874.396484 -1292.405273 -767.96875 -5.951930 92.077759 -0.000000 False
681.404846 -1305.250977 -768.919373 -6.149936 83.137512 0.000000 False
672.134888 -1315.540283 -639.96875 -0.121931 82.755127 0.000000 False
303.998566 -1333.037720 -767.843689 -5.115878 67.452095 0.000000 False
609.511292 -1313.821045 -639.96875 0.098114 96.946259 0.000000 False
603.791870 -1359.755493 -767.96875 -5.445885 96.175690 -0.000000 False
1044.320068 -1022.734314 -767.843567 -6.743871 122.026161 0.000000 False
614.392639 -97.031250 -639.96875 -0.858245 -174.229919 0.000000 False
1353.972900 -714.441895 -657.594482 -1.045870 145.478180 0.000000 False
340.031250 -560.031311 -767.96875 -0.187867 0.454386 -0.000000 False
1111.584229 -374.171753 -639.96875 -0.979859 -141.811874 0.000000 False
816.031372 -272.031250 -767.96875 0.846181 -78.869476 0.000000 False
816.031555 -458.967285 -767.96875 2.012180 -87.823456 0.000000 False
169.054123 -1507.301880 -770.843567 -0.121802 53.637428 0.000000 False
1264.031372 -923.488220 -767.96875 0.296192 -178.015457 0.000000 False
943.968750 -1276.041870 -767.96875 -2.299802 175.737350 0.000000 True
121.287056 -1324.842529 -775.96875 -0.913802 7.415567 0.000000 False
-353.124268 -1043.023926 -406.96875
-144.662170 -1046.895752 -406.96875
-139.228638 -414.614990 -406.96875
161.942123 -413.416687 -406.96875
164.830963 64.283897 -406.96875
369.623016 65.256485 -406.96875
367.776794 307.430450 -406.96875
371.202423 613.914490 -470.403625
372.559021 649.859436 -470.96875
641.421326 640.029968 -470.96875
642.868347 612.640991 -470.717865
640.123169 110.889359 -629.505249
643.206299 44.306095 -630.96875
427.501007 42.376007 -630.96875
433.603333 -181.090454 -630.96875
641.736755 -176.682495 -630.96875
641.237183 -253.873047 -632.062927
640.352295 -548.119202 -757.595581
628.350098 -699.547058 -758.96875
798.542419 -703.173645 -758.96875
774.263794 -1277.262695 -759.96875