t_outside_to_secret ramp_to_b silo_to_mini
5 0.7
1297.500854 -2422.035400 -403.419342 39.874054 4.086581 0.000000
1586.466309 -1989.995728 -639.96875 -9.590594 -101.653015 0.000000 False 1
1460.231445 -1994.095093 -639.96875 -10.549720 -77.503922 0.000000 False 2
1442.031616 -2156.524170 -639.843567 -6.171827 -51.633884 0.000000 False 3
1647.968628 -1800.031250 -639.96875 -1.243803 -107.627319 0.000000 False 4
1302.614624 -1792.028809 -639.96875 -1.023621 -49.274040 0.000000 False 5
1645.968506 -1968.694092 -639.96875 0.032376 -150.848236 0.000000 False 6
1072.031616 -1733.840332 -634.96875 0.881383 -35.309238 0.000000 False 7
1064.035400 -1991.968750 -639.96875 0.296187 -0.844085 0.000000 False 8
930.436829 -1562.031494 -639.96875 33.977985 -36.529819 0.000000 False
1036.995728 -1359.199341 -607.96875 2.605999 -71.898148 0.000000 False
1064.031616 -1178.734131 -712.806396 -5.621822 -79.557037 0.000000 False
1175.078369 -1180.267212 -711.784302 -5.270000 -89.322693 0.000000 False
1199.201782 -936.031372 -767.96875 -10.704069 -102.283417 0.000000 False
624.781555 -1527.331543 -607.96875 3.551958 -17.267735 0.000000 False
399.824249 -1553.642944 -712.079651 -5.137854 -9.517614 0.000000 False
399.551178 -1658.898682 -712.261658 -5.732026 -0.591761 0.000000 False
231.476944 -1557.596069 -767.96875 -15.170043 -5.585825 0.000000 False
97.031250 -1296.031494 -775.96875 -0.957948 -61.049747 0.000000 False
287.968719 -1399.113403 -743.46875 7.423978 -111.780624 0.000000 False
287.970795 -1495.967285 -775.96875 0.251976 -155.076996 0.000000 False
841.828369 4.593948 -639.96875 5.409671 -111.603767 0.000000 False
892.447571 -460.406006 -767.96875 0.041688 -123.419792 -0.000000 False
1015.968750 -424.031250 -639.96875 6.465701 -127.530228 0.000000 False
1111.820923 -373.031250 -639.96875 5.651744 -129.796036 0.000000 False
677.700928 -1077.749878 -771.46228 -0.420309 -145.178436 0.000000 False
738.610962 -1212.341919 -768.96875 -0.354311 -165.154465 0.000000 False
943.966675 -1163.045044 -639.96875 10.557659 -166.042816 0.000000 False
943.968750 -1276.040405 -767.96875 -0.266316 -175.392868 0.000000 False
943.968689 -1317.968750 -639.96875 11.437688 178.878647 0.000000 False
340.028229 -560.031250 -767.96875 -0.222306 -89.029968 -0.000000 False
471.517822 5.031034 -639.96875 5.145691 -93.377708 0.000000 False
943.968445 -1059.593140 -639.96875 13.615743 -170.518143 0.000000 False
641.219299 -1317.953613 -639.96875 25.297705 91.273888 0.000000 False
340.031158 -1317.968750 -639.96875 19.225683 42.521595 0.000000 False
1292.945923 -920.362122 -767.96875 -0.442297 -165.687347 0.000000 False
1451.462280 -1023.967346 -767.96875 -0.090297 179.220215 0.000000 False
819.087036 -272.031250 -767.96875 -0.363872 -90.777885 0.000000 False
816.027893 -458.714722 -767.96875 -1.234306 -22.327612 0.000000 False
1387.942749 -380.005920 -639.96875 7.819846 -103.368500 0.000000 True
1077.031372 -655.968750 -639.96875 -0.804158 4.159261 0.000000 False
1436.119019 -2422.326416 -497.708405
1352.386841 -2420.211182 -441.886993
1429.347290 -2421.271484 -493.194
1495.141479 -2420.822021 -537.056763
1560.795776 -2420.751221 -550.96875
1560.413818 -2360.690186 -551.270813
1560.226074 -2331.865479 -567.052124
1560.013550 -2299.325684 -588.745361
1559.817871 -2269.852051 -608.394409
1558.779053 -2222.322754 -630.590515
1542.406738 -2190.360596 -630.96875
1537.028687 -1954.535400 -630.96875
1496.487793 -1916.256470 -630.96875
1138.852417 -1906.516846 -630.96875
1135.290894 -1616.158325 -630.96875
516.677856 -1614.138306 -630.96875
299.657928 -1614.385132 -758.96875
193.286682 -1616.597778 -758.96875
189.184158 -1321.232910 -766.96875
444.583710 -1316.010986 -758.412842
439.442810 -728.002930 -762.96875
890.744080 -726.850342 -758.96875
889.292358 -985.632263 -758.96875
1326.014160 -982.677002 -758.96875
1327.552246 -878.886841 -756.018677
1328.151489 -679.763428 -630.96875
1325.696655 -513.187256 -630.96875