hut_to_a j_hall_to_upper mini_to_a t_outside_to_secret t_side_entrance_of_lobby
5 0.6
-719.228516 -1147.445068 -415.96875 -2.617996 -0.625070 0.000000
1431.578247 -2421.087158 -503.681305 -16.676134 145.420273 0.000000 False 1
1448.449463 -1705.125610 -415.96875 -14.497853 172.616974 0.000000 False 2
1751.647217 -1577.368164 -415.96875 -12.517898 179.341110 0.000000 False 3
661.281250 -2158.629883 -415.96875 -27.345535 127.090340 0.000000 False 4
743.774597 -2421.531006 -415.96875 -21.691353 126.672554 0.000000 False 5
463.968750 -1553.021729 -367.96875 -54.867229 -179.706970 0.000000 False 6
295.031616 -1553.325562 -367.96875 -89.000000 7.886893 0.000000 False 7
922.015381 -1767.301880 -415.96875 -0.780245 -155.750519 0.000000 False 8
918.926514 -1553.031616 -415.96875 -0.523572 -100.703125 0.000000 False 9
815.968750 -1552.031250 -415.96875 0.693567 -66.662964 0.000000 False 10
1902.389771 -2155.001953 -415.96875 -0.076424 155.184158 0.000000 False 11
632.129150 -1462.537354 -415.843536 0.308025 -44.523827 0.000000 False 12
519.031250 -1743.971558 -415.462219 0.369621 15.936573 0.000000 False 13
815.968750 -1759.968628 -415.96875 0.891568 70.103127 0.000000 False 14
-652.369202 -1149.672852 -406.96875
-574.703735 -1149.212524 -404.862091
-539.031372 -1148.916260 -375.83252
-539.031372 -1155.079590 -311.321533
-539.031372 -1160.195312 -240.105469
-539.031372 -1212.471680 -194.277954
-513.286621 -1234.056885 -211.968201
-466.990234 -1253.631836 -281.942612
-406.764221 -1267.371460 -278.96875
-336.763184 -1277.552490 -233.621216
-253.597290 -1289.463379 -237.913757
-182.426025 -1299.687378 -208.291153
-160.732910 -1314.116333 -204.213074
-146.778381 -1327.855957 -205.96875
-90.616882 -1334.962891 -200.579468
5.942850 -1389.815308 -169.35935999999998
6.930299 -1390.111816 -114.05261200000001
9.304222 -1401.556152 -107.746071
15.316606 -1433.046875 -48.440002
15.239855 -1443.604004 -38.043617
26.300737 -1501.027832 -27.97715
47.423374 -1610.747559 -9.96875
144.840073 -1692.190063 -9.96875
270.003296 -1689.836304 -31.570469
483.213470 -1679.721802 -215.06604
505.502899 -1786.717163 -214.96875
541.717651 -1793.057373 -219.126511
623.445374 -1808.464355 -224.192032
686.463501 -1816.594971 -229.414246
772.359314 -1827.609863 -247.965576
856.408997 -1823.561523 -398.96875
908.936401 -1829.402588 -406.96875
903.115967 -1642.480103 -406.96875
776.378967 -1642.335571 -406.96875