hut_to_a j_hall_to_upper silo_to_mini secret_to_b mini_to_a
8 0.7
-444.128418 -1574.976074 -401.968750 0.576355 -40.336254 0.000000
565.488464 -2343.935303 -415.96875 0.312360 140.869492 0.000000 False 1
259.030090 -2054.031250 -415.96875 1.004522 168.765549 0.000000 False 2
661.391968 -2097.110840 -415.96875 0.026390 174.784958 0.000000 False 3
1672.686157 -2031.254150 -415.96875 -0.215607 -178.930862 0.000000 False 4
1766.569336 -1746.050293 -415.96875 -0.193618 -167.866455 0.000000 False 5
1472.004272 -1647.346436 -415.96875 -0.246450 -161.319824 0.000000 False 6
920.495667 -1780.555908 -415.96875 0.268392 -161.816833 0.000000 False 7
1571.942139 -2463.973145 -373.96875 1.004546 170.544281 0.000000 True 8
1398.889771 -2384.859863 -481.888947 -1.952267 174.896027 0.000000 False 9
1328.334717 -1492.013916 -287.96875 7.207362 -145.118134 0.000000 False 10
463.968750 -1553.031372 -367.96875 4.762035 -108.813980 0.000000 False 11
352.227570 -1553.031250 -415.96875 0.994373 -95.167137 0.000000 False 12
295.031250 -1553.031372 -367.96875 6.948901 -88.024040 0.000000 False 13
232.343933 -1843.897461 -415.96875 0.203724 -59.780231 0.000000 False 14
661.281250 -2158.629883 -415.96875 -1.557648 91.517944 0.000000 False 15
1268.136353 -1404.348511 -415.96875 0.070447 -123.561172 0.000000 False 16
1795.942749 -1612.091797 -415.843536 -0.127480 -145.811005 0.000000 False 17
1369.159424 -1756.614746 -415.96875 0.422536 -137.296799 0.000000 False 18
1619.968628 -409.481995 -415.96875 -0.655567 -113.193253 0.000000 True 19
1840.187256 -706.520569 -351.96875 2.116430 -129.891037 0.000000 False 20
883.948425 -1603.212524 -415.96875 0.488441 -92.115616 0.000000 False 21
1325.581055 -382.526489 -127.96875 10.102327 -103.271927 0.000000 False 22
815.968750 -1552.031250 -415.96875 0.419324 -70.560097 0.000000 False 23
1079.332642 -1295.524902 -413.632324 0.158462 -100.077713 0.000000 False 24
1225.400757 -625.972595 -239.96875 5.768476 -100.870377 0.000000 False 25
1183.116821 -749.575562 -415.96875 0.136504 -100.694710 0.000000 False 26
1056.031250 -620.029663 -415.96875 -0.325518 -90.700935 0.000000 False 27
1040.281250 -512.031311 -239.96875 9.090502 -90.379845 0.000000 False 28
1431.872437 -2424.156738 -503.87735 -12.821447 177.939392 0.000000 False 29
1172.343872 -1296.968384 -415.96875 0.224525 -95.380516 0.000000 False 30
1487.968262 -2168.012451 -415.96875 0.466510 -153.204041 0.000000 False 31
1583.968750 -2447.968750 -559.96875 -15.596624 173.277359 0.000000 False 32
1365.075317 -2136.845947 -351.96875 14.238509 -127.055061 0.000000 False 33
1520.092896 -2371.925293 -559.96875 -23.799471 -178.791336 0.000000 False 34
1272.031372 -2162.287109 -367.96875 14.612561 -96.501076 0.000000 False 35
-309.467896 -1801.985474 -406.96875
-230.452698 -1943.526978 -406.96875
17.111284 -2103.542725 -406.96875
440.702698 -2322.585693 -406.96875
397.282288 -1960.623535 -406.96875
1141.012207 -1926.096680 -406.96875
1119.644653 -2424.625977 -406.96875
1273.958740 -2423.664307 -406.96875
1302.535400 -2422.394531 -410.755096