hut_to_a radio_to_ramp mini_to_a silo_to_mini
5 0.75
-434.113037 -688.412903 -401.968750 0.110030 -63.472786 0.000000
78.590393 -1232.825562 -415.96875 -0.462181 146.033569 0.000000 False
107.968750 -1135.968506 -415.96875 0.505838 159.274628 0.000000 False
159.137268 -1132.931030 -286.178467 11.791844 161.505493 0.000000 False
235.968750 -1065.693115 -287.96875 10.867836 170.480530 0.000000 False
183.834641 -964.402832 -415.96875 -0.088161 -177.911377 -0.000000 False
239.968750 -720.013489 -415.96875 0.439838 -153.125641 0.000000 False
207.630081 -688.031433 -287.96875 10.757918 -148.329132 0.000000 False
-21.882324 -432.946655 -415.642212 -0.396064 -112.609383 0.000000 False
-255.968445 -710.101562 -415.96875 -0.066067 -87.991302 0.000000 False
-205.890076 -357.031250 -415.96875 -0.528064 -87.243309 0.000000 False
-89.141174 -1359.467163 -383.59375 7.787981 95.202904 0.000000 False
-203.031250 -1359.968628 -415.96875 -0.044044 59.584839 0.000000 False
-255.968384 -1339.060059 -415.96875 -0.198001 49.807999 0.000000 False
223.939835 -1184.031372 -415.96875 0.285895 -178.527435 0.000000 False
-255.968628 -1200.031250 -415.96875 -0.330104 0.434656 0.000000 False
297.883179 -1080.199707 -391.96875 3.981996 137.826065 0.000000 False
160.098007 -1119.969238 -415.96875 1.386015 94.102180 0.000000 False
-382.494873 -880.726929 -406.96875
-385.257690 -1038.525757 -406.96875
73.022934 -1044.851929 -406.96875
75.495949 -905.993408 -406.96875
182.064163 -905.893372 -406.96875