a_short mid_to_b ct_push_lower
6 0.7
-1970.519653 351.260742 22.282043 5.103965 60.626129 0.000000
-1682.031372 1386.968750 41.196304 0.286028 -91.908150 0.000000 False
-1794.270386 1333.367920 36.936707 -0.351972 -74.066231 0.000000 False
-1388.030396 1261.968750 34.421318 -0.682001 -130.569489 0.000000 False
-1967.593262 1448.556641 28.714905 -1.165978 -57.918373 0.000000 False
-2168.899902 1263.968628 38.614952 -0.395980 -32.648071 0.000000 False
-1837.968750 982.031250 38.782073999999994 0.374022 -1.715953 0.000000 False
-1145.990356 1152.932983 -39.883221 -5.500276 -168.518463 0.000000 False
-2168.968750 1042.031372 38.702782 0.615950 1.994263 0.000000 False
-2062.637939 1880.451294 -1.0834159999999997 -2.684035 -75.779137 0.00000 False
-2072.510254 2927.050049 32.551529 -0.000031 -85.517166 0.000000 False
-1925.656128 1916.402954 -1.2703249999999997 -2.486031 -91.039154 0.000000 False
-1830.947021 2706.589844 31.290428000000006 -1.166038 -97.111290 0.000000 True
-1805.881714 2443.028320 65.03125 1.451963 -101.709267 0.000000 True
-1579.812256 2838.423340 8.513428000000005 -0.792038 -109.124107 0.000000 False
-1389.924316 2780.223633 14.417343000000002 -0.814180 -119.943275 0.000000 False
-1318.625122 2683.968262 129.03125 4.531813 -126.081528 0.000000 False
-1366.031250 2565.968750 2.757271000000003 -1.628033 -127.274048 0.000000 False
-2157.968750 1814.209473 2.340346999999994 -6.490048 -4.082159 -0.000000 False
-618.031372 2549.986572 -83.976692 -2.618038 -154.704224 0.000000 False
-1817.899048 1814.029785 131.093292 29.171955 -175.255814 0.000000 False
-1513.648438 1841.914185 -0.96875 -1.100066 171.852356 0.000000 True
-1590.162598 1698.642578 60.03125 9.371949 138.551910 0.000000 False
-899.418823 2334.599854 -74.613319 -3.586075 -161.828094 0.000000 False
-1545.922485 2799.483154 6.702309 -0.242086 -130.867416 0.000000 False
-2182.968750 2098.031250 2.780212000000006 0.153948 -21.894003 0.000000 False
-1616.326782 1641.282104 1.221771000000004 0.021947 121.809875 0.000000 True
-1707.968628 1620.031250 1.5650250000000057 -0.066053 90.130013 0.000000 False
-1260.703735 2682.203857 121.590836 9.261882 -166.044281 0.000000 False
-1658.583252 644.280090 40.620422000000005
-1669.729980 1150.352539 39.919205000000005
-1971.442749 1218.123047 40.128799
-1983.505249 1800.180908 41.808623999999995
-1975.500122 1867.027466 9.823853
-1939.412598 2316.739502 8.557364999999997
-1924.581055 2499.826416 31.587280000000007
-1934.889038 2626.329834 39.617981