a_long a_short ct_push_lower mid_to_b
5 0.75
-548.451965 1915.421021 -106.119720 6.819927 -54.622746 0.000000
-218.698853 530.268066 -1.1909709999999976 5.807819 100.446167 0.000000 False
-381.400208 -461.908936 63.0625 5.565824 91.030304 0.000000 True
-520.236938 601.537537 7.140647999999999 7.721840 83.783936 0.000000 False
-561.575134 1334.027588 -110.131775 3.255878 57.075550 0.000000 False
-489.968750 1582.370605 -125.075211 2.419881 -11.080419 0.000000 False
-275.031372 1516.968750 -125.179337 1.935885 168.629562 0.000000 False
-883.773193 1381.536865 -111.935501 1.671878 11.372628 0.000000 False
-1175.968750 1519.969238 -75.96875 3.585878 -5.479394 0.000000 False
-275.030518 1345.377441 -122.845268 -1.936107 161.148895 0.000000 False
-556.031311 1517.968750 -111.11050399999999 -1.342104 -64.791077 0.000000 False
-88.981079 1581.968384 1.740432999999996 5.873681 -132.087524 0.000000 False
199.931747 159.150757 7.778931 2.727723 131.573196 0.000000 False
-633.969482 615.646484 8.370475999999996 1.209724 12.157047 0.000000 False
-725.007080 493.971863 15.253296000000006 1.715730 8.474422 0.000000 False
716.310242 -173.977356 0.7026670000000053 -0.506258 141.750534 0.000000 True
722.014587 -42.199890 2.320205999999999 -0.858256 148.416733 0.000000 True
580.084717 210.514328 -0.6972960000000015 -0.726256 158.141129 0.000000 False
459.968628 453.899994 2.1087109999999996 -0.638257 178.623184 0.000000 False
383.515656 -660.031738 2.135536000000002 -0.176269 103.544800 0.000000 False
148.027496 35.968750 8.000991999999997 -3.432265 91.018906 0.000000 True
681.865662 308.339020 0.7581019999999938 -0.990264 -157.543640 0.000000 False
148.031311 -182.029724 8.100562999999994 -1.870271 51.822819 0.000000 True
-73.633545 -660.027893 19.824264999999997 -0.000272 53.560455 0.000000 True
732.838562 -82.599976 2.615318000000002 -1.342267 123.685074 0.000000 True
-531.395935 1774.765503 -110.5783
-383.802490 1578.519653 -117.792366
-401.824097 1285.646118 -113.56500199999999
-394.841858 733.484680 8.807251
-261.178467 465.276794 6.031619999999997
626.745117 103.392700 6.461238999999999