b_tunnel a_short mid_to_b ct_push_mid
5 0.6
-547.897766 1879.828979 -104.865974 6.819927 -54.622746 0.000000
-218.698853 530.268066 -1.1909709999999976 5.807819 100.446167 0.000000 False
-381.400208 -461.908936 63.0625 5.565824 91.030304 0.000000 True
-520.236938 601.537537 7.140647999999999 7.721840 83.783936 0.000000 False
-561.575134 1334.027588 -110.131775 3.255878 57.075550 0.000000 False
-489.968750 1582.370605 -125.075211 2.419881 -11.080419 0.000000 False
-275.031372 1516.968750 -125.179337 1.935885 168.629562 0.000000 False
-883.773193 1381.536865 -111.935501 1.671878 11.372628 0.000000 False
-1175.968750 1519.969238 -75.96875 3.585878 -5.479394 0.000000 False
-275.030518 1345.377441 -122.845268 -1.936107 161.148895 0.000000 False
-556.031311 1517.968750 -111.11050399999999 -1.342104 -64.791077 0.000000 False
-1250.843994 1158.547119 32.033905000000004 18.127850 38.646328 0.000000 False
-1186.015503 1261.470825 32.03125 47.541771 8.718757 0.000000 False
-874.031250 1344.031250 -110.735214 1.055890 72.775452 0.000000 False
-1045.191040 1209.296021 -85.094803 6.181767 86.599068 0.000000 False
-1575.029053 1042.137939 33.954514 9.547791 11.262598 0.000000 False
-1352.031250 1261.971924 70.78125 20.195782 -41.466656 0.000000 False
-1682.030640 1284.389038 35.703368999999995 6.753759 -19.928858 0.000000 False
-2168.782471 1042.031372 39.709114 3.783765 3.919141 0.000000 False
-1790.468140 991.663086 39.01451900000001 6.599757 14.149152 0.000000 False
-1942.031738 1410.062866 30.758865 -0.176229 -27.087616 0.000000 False
-1804.061157 1386.969849 40.182716 -0.770221 -39.971298 0.000000 False
-1724.004395 679.543945 32.004784 -1.320220 71.897682 0.000000 False
-1837.968018 -389.371948 73.875214 1.275756 80.896149 0.000000 False
-1569.055664 -357.376099 129.396103 4.245756 93.260391 0.000000 False
-1605.257080 679.968750 32.027733 -0.440259 92.394775 0.000000 False
-1682.050049 1386.968628 42.197722999999996 0.329739 -85.299103 0.000000 False
-1459.923828 460.557678 8.282043000000002 -3.894260 124.881760 0.000000 False
-1865.396118 476.756775 11.122292000000002 -3.300263 55.559776 0.000000 False
-1902.968750 679.968750 34.868774 -0.000270 0.955824 0.000000 False
-1425.029541 679.940674 35.862961 1.143731 178.707932 0.000000 False
-1943.009766 466.990295 10.048598999999996 -3.256287 30.604548 0.000000 False
-375.613770 1609.097168 -118.36492899999999
-391.376526 1534.189453 -117.382286
-465.216980 1428.761963 -117.246475
-515.291016 1431.512085 -103.02404
-1081.383179 1415.569702 -103.094482
-1087.869873 1284.122681 -103.171577
-1092.388672 1198.495850 -70.037354
-1132.625854 1107.700439 -23.508995
-1203.830566 1091.111816 10.466232000000005
-1271.024292 1092.821777 41.03125
-1663.110474 1090.750122 40.018433
-1665.229126 557.716064 41.007628999999994