a_short a_long b_tunnel ct_push_lower ct_push_mid
8 0.65
-1970.519653 351.260742 22.282043 5.103965 60.626129 0.000000
-1682.031372 1386.968750 41.196304 0.286028 -91.908150 0.000000 False
-1794.270386 1333.367920 36.936707 -0.351972 -74.066231 0.000000 False
-1388.030396 1261.968750 34.421318 -0.682001 -130.569489 0.000000 False
-1967.593262 1448.556641 28.714905 -1.165978 -57.918373 0.000000 False
-2168.899902 1263.968628 38.614952 -0.395980 -32.648071 0.000000 False
-1837.968750 982.031250 38.782073999999994 0.374022 -1.715953 0.000000 False
-1145.990356 1152.932983 -39.883221 -5.500276 -168.518463 0.000000 False
-2168.968750 1042.031372 38.702782 0.615950 1.994263 0.000000 False
-865.095947 1501.968994 -111.65379300000001 -13.046114 -137.455780 0.000000 False
-1199.968750 1507.968750 -76.96875 0.417962 -71.638504 0.000000 False
-1175.968628 1334.031250 -111.42645999999999 1.319961 -15.340569 0.000000 False
-874.031311 1344.031250 -111.735229 0.681958 -176.028564 0.000000 False
-112.968384 1532.486084 -0.3709560000000067 7.413931 -170.206070 0.000000 False
33.048195 1348.031250 -0.9575580000000059 5.455933 176.703156 0.000000 False
-763.968750 1334.030151 -112.89640800000001 1.341950 94.951500 0.000000 False
-180.535156 493.528687 -2.0424039999999977 6.533947 109.845634 0.000000 False
-489.971313 1582.370361 -126.075241 -2.728011 -91.328896 0.000000 False
-618.031250 2549.989014 -83.97680700000001 2.463949 -77.923828 0.000000 False
-607.320129 2124.809082 -120.246735 1.099949 -69.695412 0.000000 False
-605.968567 1811.112549 -119.46736899999999 0.461949 -48.942120 0.000000 False
-569.969727 1695.804810 -117.338684 1.077949 -33.322189 0.000000 False
-306.805054 2037.945068 -128.560326 -0.550049 -107.374084 0.000000 False
-276.031250 1772.968628 -107.401443 4.773951 -144.224457 0.000000 False
79.034294 2370.320801 -67.564819 2.331953 -136.692535 0.000000 True
473.982147 2415.519287 -119.578163 0.163866 -152.818588 0.000000 False
1300.031494 2303.496094 11.551475999999994 4.783867 -171.673141 0.000000 False
-169.031250 2010.031250 -124.657333 -0.012130 -173.146774 0.000000 False
-1094.594604 2608.038330 137.228973 16.003866 -44.500008 0.000000 False
-1359.109375 2688.980713 125.281509 11.141809 -36.799984 0.000000 False
-1332.905396 2208.212158 0.29057299999999486 7.093819 -8.947938 0.000000 False
-1184.966553 2132.885254 3.3313600000000037 8.611820 -4.217918 0.000000 False
1270.027588 2020.033081 0.20712299999999573 4.937895 175.345871 0.000000 False
-1128.902466 2691.461670 82.26312300000001 14.893895 -58.966560 0.000000 False
-2182.531738 2098.027832 2.7663500000000028 3.177819 6.824834 0.000000 False
-1070.046753 2694.379883 137.916046 19.579920 -84.178566 0.000000 False
-2157.968750 1814.031250 2.339698999999996 2.539812 24.754929 0.000000 False
-1195.026733 2070.031250 8.581931999999995 7.545952 48.459312 0.000000 True
-1991.935425 1780.206177 31.004990000000006 4.135942 31.403788 0.000000 False
-2092.793945 2908.729004 32.557739 -5.808074 -17.538986 0.000000 True
-1878.031372 1814.031250 78.03125 6.885930 33.471756 0.000000 False
-1685.115112 2578.551025 4.908302000000006 -14.630086 12.623150 -0.000000 False
-1617.654663 1638.371460 1.2175749999999965 0.615946 62.657772 0.000000 False
-1405.218628 2789.128418 11.838798999999995 -32.977974 -57.534615 -0.000000 False
-1889.686646 2326.543701 -0.6616060000000061 0.418018 -13.337253 0.000000 False
-1891.048340 2428.976318 14.193664999999996 -0.197981 35.326702 0.000000 False
-1684.684204 2527.364746 5.378860000000003 1.561998 -46.051201 0.000000 False
-1366.031250 2565.968750 2.757271000000003 1.034016 -94.736557 0.000000 False
-1394.030640 1929.727783 5.104506999999998 0.484015 87.885323 0.000000 False
-2078.449707 3114.415283 33.718436999999994 0.571962 -56.611492 0.000000 True
-1936.411743 1386.972534 29.294242999999994 0.814265 90.593979 0.000000 False
-1665.257446 670.176758 40.398208999999994
-1655.897949 1080.992676 40.105789
-1282.921509 1087.450928 41.203232
-1209.419312 1090.733643 13.326233000000002
-1135.233276 1122.052246 -26.681839
-1094.963989 1173.875366 -58.745766
-1092.422974 1262.972412 -100.810524
-1094.880371 1417.794800 -103.02230800000001
-514.072876 1419.468628 -102.981644
-468.301270 1425.084839 -116.54753099999999
-390.208008 1582.618774 -117.797073
-451.025391 1678.442139 -116.635178
-450.247925 2169.928955 -117.407585
-734.508484 2215.833496 -108.403999
-1163.157715 2240.748047 9.543830999999997
-1253.153442 2238.191895 12.069595000000007
-1543.185425 2077.291748 5.678958999999999
-1543.189575 2689.802979 14.799582999999998
-1422.031494 2683.235107 22.196556
-1422.117065 2683.631836 134.03125
-1215.965088 2659.185791 85.458954
-1253.153442 2238.191895 12.069595000000007
-1543.185425 2077.291748 5.678958999999999
-1967.262451 2052.872314 6.246299999999998