mid_to_a_short mid_to_a_long
8 0.65
115.270981 -424.713745 113.146118 -0.354719 -27.566252 0.000000
1241.738403 -689.968750 127.031250 1.801287 175.872910 0.000000 False
1262.933228 -623.957458 127.031250 2.417288 -179.430542 0.000000 False
990.027588 -59.080872 255.031250 13.062523 -110.452286 0.000000 True
810.031250 -476.030334 99.031250 1.474018 -98.286491 0.000000 False
1262.972412 -505.772217 259.552460 31.619606 -135.856201 0.000000 True
1311.528076 -291.031067 256.775970 19.030081 -113.154671 0.000000 False
1171.533081 -289.233398 259.031250 19.222448 -88.995949 0.000000 False
1447.748413 -274.529297 255.031250 1.262062 -153.387482 0.000000 False
1126.031250 -366.971069 259.031250 1.377564 -10.758368 0.000000 False
1188.027954 196.287933 176.735565 -2.876676 -82.470947 0.000000 False
1905.667725 -267.095703 259.031250 -0.143179 -172.470383 0.000000 False
1911.971191 -361.969849 259.282043 0.010821 178.616699 0.000000 False
2047.122925 -118.882935 295.531250 6.267069 -145.636047 0.000000 False
2599.974609 559.836121 215.031250 -2.145176 -131.827820 0.000000 False
1829.031250 -172.031250 259.031250 -0.508925 -92.936745 0.000000 False
2172.529297 277.288177 221.031250 -3.723674 -116.890007 0.000000 False
2499.220459 -42.851990 100.405563 -15.177400 -163.378830 0.000000 True
2426.070801 1103.619995 165.816971 -3.954658 -110.743668 0.000000 False
2458.031250 -212.829834 95.379272 -17.487444 178.609116 0.000000 True
2066.997070 309.265900 159.031250 -10.865422 -104.025238 -0.000000 False
2252.053955 1023.946899 157.981430 -4.686152 -104.223869 0.000000 False
2076.423340 -256.021240 254.774414 -0.316386 165.435547 0.000000 False
1989.646606 482.248444 159.031250 -8.170383 -93.097824 0.000000 False
2469.626221 -508.213135 111.261688 -14.176632 145.781342 0.000000 False
1819.031250 608.031250 158.875839 -8.228421 -72.942337 0.000000 False
2190.644775 311.442200 148.127304 -11.934985 -109.900620 0.000000 False
2076.031250 -368.296326 254.876038 4.361055 93.999550 0.000000 False
2076.031250 -526.518250 95.031250 -34.658680 90.900436 -0.000000 False
2546.091064 -187.948486 90.490906 -17.641678 -164.692322 0.000000 False
2076.028320 -163.057983 96.839462 -2.511188 -72.080559 0.000000 True
2458.031250 -126.424561 96.046692 -0.808508 -99.255470 0.000000 False
324.802826 -651.324341 105.03125
1017.528809 -651.174988 105.03125
1096.837402 -653.774170 137.03125
1222.687378 -596.047363 139.236679
1220.811768 -392.217590 266.18515
1290.727905 -319.718201 269.03125
1802.489380 -319.474548 268.780121
1918.520996 -192.688965 269.03125
2049.216309 -187.791016 271.03125
2081.590088 -201.082397 263.434845