banana_to_b
5 0.7
2332.498535 1050.954590 174.926453 -1.517889 34.539806 0.000000
2189.223877 2227.243652 134.433060 -2.287827 -78.424248 0.000000 False
2447.694580 1682.046997 181.928497 10.048500 -129.676788 0.000000 False
1603.710938 1596.031250 187.919296 1.809517 0.222205 0.000000 False
1974.096069 2606.942627 123.031845 -1.135741 -59.516090 0.000000 False
1024.870728 3191.270752 127.031250 -0.076990 -39.111187 0.000000 False
177.601120 2799.154297 161.168793 0.346510 -1.997229 0.000000 True
59.468750 2554.578369 165.031250 0.577510 7.704783 0.000000 False
537.394165 2556.049805 278.031250 5.948283 11.708657 0.000000 False
658.031250 2499.273438 141.669281 1.174287 30.881725 0.000000 False
761.665283 3498.830322 126.513153 -0.173256 -45.683144 0.000000 False
1441.677734 2983.968750 127.032013 0.615993 -84.587410 0.000000 False
1311.968750 2648.031250 132.827118 0.923992 80.929939 0.000000 False
1315.380737 3222.089111 127.031250 -0.057756 -111.512222 0.000000 False
974.018188 3028.030518 127.031250 0.115494 13.824508 0.000000 False
1063.970581 3467.486572 152.657242 5.909739 -100.597343 0.000000 False
523.190308 3352.645264 166.900970 5.005011 10.495749 0.000000 False
28.430534 2614.853516 160.031250 0.770011 53.918018 0.000000 False
257.362488 2439.031250 165.031250 0.250261 78.115082 0.000000 False
544.057983 3206.665283 167.568069 -2.560235 84.698410 0.000000 True
498.968872 2439.031250 165.031250 -0.307999 90.242348 0.000000 False
175.597763 3150.967285 306.531250 24.909389 4.238211 0.000000 False
912.246216 2172.710205 134.705841 -1.597847 116.369514 0.000000 False
863.971191 2563.871338 137.551239 -3.869349 129.613647 0.000000 True
795.968750 2925.876953 141.059937 -3.792341 173.002731 0.000000 False
59.468750 3244.968750 159.876587 0.307996 -72.523575 0.000000 False
1148.029663 2798.779297 124.274338 -2.675849 -176.434509 0.000000 False
679.667542 2119.968750 135.747620 -1.116605 88.278076 0.000000 False
369.968750 1828.505127 126.537842 -1.405352 42.996284 0.000000 False
466.555664 2119.972412 138.264252 -0.808602 0.935023 0.000000 False
1038.486328 1864.156006 143.031250 -0.558352 143.077011 0.000000 False
2548.279053 1094.041748 168.230865
2525.110840 1433.369751 167.265091
2344.000732 1443.897583 168.009338
2352.811523 1825.305542 145.99353
2129.938965 2685.276367 133.031845
1221.628784 2934.660156 137.031616
1158.204834 3143.445801 137.03125
853.434509 3431.866211 137.03125
474.744263 3426.948730 169.964462
532.464539 2726.287842 170.531235
779.236816 2532.220459 145.031464
788.254395 1880.029053 145.03125