mid_to_a_short a_apts
6 0.65
729.027405 135.587234 153.700302 -2.485987 51.291447 0.000000
1512.968750 717.968750 128.874237 2.499769 -151.609390 0.000000 False
1512.970947 284.325378 131.569290 1.980018 144.461151 0.000000 False
1512.969116 820.031250 138.279663 2.942522 -133.451355 0.000000 False
1633.446411 -42.173279 131.031250 0.863542 124.234985 0.000000 False
1602.726440 1225.935425 174.850067 3.924300 -115.332359 0.000000 False
1579.175293 -89.972351 141.031250 0.998288 116.958313 0.000000 False
1301.764160 760.023560 136.993759 0.728781 -88.521782 0.000000 False
1370.810303 -89.023621 285.824402 13.741798 96.630196 0.000000 False
1361.359497 1227.972290 179.205414 2.480557 -89.614319 0.000000 False
1354.031250 -89.968750 131.031250 -1.407937 84.713722 0.000000 False
1864.901123 1321.195190 161.398148 1.768312 -140.401855 0.000000 False
1915.027100 1235.968750 218.031250 8.082309 -152.862610 0.000000 False
2586.916260 1162.923950 156.634109 -0.175943 -173.351547 0.000000 False
2497.233887 912.797180 166.434875 -0.349194 166.479614 0.000000 False
1293.031250 1185.031250 180.031250 0.324553 -10.934402 0.000000 False
1885.769165 1645.285522 159.348251 -0.789238 -105.895836 0.000000 False
1760.031250 1602.661011 159.031250 -1.157695 -85.514397 0.000000 False
2485.106689 472.729950 215.031250 5.002313 119.652138 0.000000 False
2427.055664 -252.817932 95.369385 -2.890168 100.338661 0.000000 False
2136.723877 -271.876587 96.136230 -3.409933 85.573845 0.000000 False
2009.871460 -177.085693 255.269501 4.521043 78.547691 0.000000 False
2037.050659 183.282745 155.875107 0.055040 73.966118 0.000000 False
1906.174072 48.651196 124.220184 -2.254961 68.069542 0.000000 False
2624.434570 1261.610352 158.873291 -0.811222 -139.957214 0.000000 False
1819.030029 192.031250 219.031281 4.309279 56.070900 0.000000 False
1896.382812 359.037170 159.259720 -0.483961 52.426895 0.000000 False
2013.968750 721.968750 159.031250 0.286036 3.319876 0.000000 False
1819.253784 608.029480 158.876343 1.133065 5.398684 0.000000 True
2484.972656 265.034576 154.622894 -0.269466 134.481705 0.000000 True
2599.978760 559.968750 215.031250 5.483522 175.266617 0.000000 False
2535.779053 -213.323242 92.184753 -4.141488 122.115997 0.000000 False
1966.029541 721.968750 159.031250 -0.772734 -48.726871 0.000000 True
1829.030884 -172.031250 259.031250 10.122759 1.534381 0.000000 False
2076.030029 -163.031250 96.838074 -2.428237 1.149345 0.000000 True
908.913269 497.796478 105.03125
1389.629883 504.906921 127.78822299999999
1453.990601 1123.618530 172.490784
2296.095459 1091.085449 172.790604
2350.003906 -199.036133 108.312927