mid_to_a_long a_apts
6 0.7
729.027405 135.587234 153.700302 -2.485987 51.291447 0.000000
1512.968750 717.968750 128.874237 2.750026 -151.988541 0.000000 False
1512.968750 273.012054 131.662033 2.653779 142.561172 0.000000 False
1512.968994 820.031250 138.279709 3.000255 -133.483597 0.000000 False
1515.563232 1049.980591 154.895065 3.308267 -113.265419 0.000000 False
1581.022827 -89.968750 141.031250 1.344768 117.726807 0.000000 False
1301.656738 802.963562 139.934677 1.614305 -88.542747 0.000000 False
1356.015625 -89.971313 286.059265 16.359793 94.511398 0.000000 False
1396.990356 1227.699951 175.031250 2.730729 -94.875687 0.000000 False
1354.031250 -89.567078 131.031250 0.959738 94.742920 0.000000 False
1205.553101 188.503677 181.845245 11.219979 57.604160 0.000000 False
1188.027588 365.968750 127.031250 0.536216 -10.733346 0.000000 False
1771.512573 -89.968750 284.492279 16.186420 139.485992 0.000000 False
2082.799561 -179.472595 253.121277 8.717435 151.156860 0.000000 False
2632.969482 -147.467834 145.031250 1.383193 165.754044 0.000000 False
2458.281250 -74.549438 100.773911 -2.428305 167.390167 0.000000 True
2105.031250 -107.968750 124.750458 -2.178089 178.822433 0.000000 False
2246.384277 176.579285 127.183960 -1.254054 -175.881790 0.000000 False
2457.921143 -233.882996 97.827698 -4.160799 149.968262 0.000000 True
2508.601318 1246.614990 158.568893 1.729706 -117.439461 0.000000 False
2101.652100 316.168732 159.031250 5.772202 -135.919189 0.000000 False
2475.680908 -502.732910 111.031250 -1.562044 129.230133 0.000000 False
2596.215088 -148.473755 93.312042 -4.257104 151.624146 0.000000 False
2076.028809 -362.189392 254.876648 11.951390 89.562035 0.000000 False
1872.210327 588.395630 219.031250 9.602914 -68.807686 0.000000 False
2076.031250 -366.689209 95.031250 -4.680585 86.892334 0.000000 False
1819.031250 192.065552 219.031281 15.034249 -2.310814 0.000000 False
1819.031250 273.685028 158.961548 -1.388842 -8.247005 0.000000 True
2127.254883 297.935364 159.031250 1.925000 -175.168015 0.000000 False
910.659302 495.840363 105.03125
1405.927856 496.235901 128.086838
1401.552734 72.703026 141.03125
2219.429443 61.302208 129.154022
2209.150635 -368.747742 106.06037900000001
2358.121582 -362.733154 99.137238
2352.531738 416.727478 143.516693
2213.719238 412.671265 147.714386
2219.429443 61.302208 129.154022